100 3105
0 0 0
0 1 6
0 2 8
0 3 0
0 4 1
0 5 3
0 6 1
0 7 5
0 8 9
0 9 4
0 10 9
0 11 0
0 12 8
0 13 7
0 14 7
0 15 7
0 16 10
0 17 8
0 18 0
0 19 3
0 20 6
0 21 9
0 22 8
0 23 8
0 24 5
0 25 3
0 26 3
0 27 0
0 28 0
0 29 1
0 30 4
0 31 7
0 32 0
0 33 0
0 34 10
0 35 0
0 36 0
0 37 1
0 38 0
0 39 0
0 40 0
0 41 7
0 42 7
0 43 0
0 44 4
0 45 0
0 46 5
0 47 1
0 48 9
0 49 6
0 50 0
0 51 7
0 52 0
0 53 6
0 54 5
0 55 1
0 56 9
0 57 0
0 58 9
0 59 0
0 60 3
0 61 8
0 62 3
0 63 0
0 64 1
0 65 9
0 66 4
0 67 3
0 68 0
0 69 7
0 70 8
0 71 0
0 72 0
0 73 2
0 74 5
0 75 0
0 76 0
0 77 0
0 78 0
0 79 1
0 80 10
0 81 7
0 82 3
0 83 3
0 84 6
0 85 0
0 86 0
0 87 6
0 88 7
0 89 8
0 90 0
0 91 0
0 92 1
0 93 4
0 94 1
0 95 6
0 96 0
0 97 0
0 98 7
0 99 5
1 0 6
1 1 0
1 2 1
1 3 0
1 4 3
1 5 0
1 6 1
1 7 4
1 8 0
1 9 4
1 10 3
1 11 8
1 12 4
1 13 2
1 14 10
1 15 0
1 16 5
1 17 0
1 18 5
1 19 5
1 20 2
1 21 0
1 22 4
1 23 3
1 24 8
1 25 1
1 26 9
1 27 6
1 28 4
1 29 2
1 30 7
1 31 7
1 32 7
1 33 1
1 34 10
1 35 0
1 36 0
1 37 10
1 38 4
1 39 0
1 40 0
1 41 7
1 42 1
1 43 3
1 44 10
1 45 0
1 46 3
1 47 0
1 48 6
1 49 0
1 50 5
1 51 1
1 52 5
1 53 0
1 54 0
1 55 6
1 56 0
1 57 0
1 58 0
1 59 0
1 60 0
1 61 8
1 62 0
1 63 2
1 64 1
1 65 6
1 66 3
1 67 0
1 68 7
1 69 2
1 70 5
1 71 8
1 72 0
1 73 0
1 74 8
1 75 0
1 76 0
1 77 6
1 78 9
1 79 8
1 80 10
1 81 6
1 82 10
1 83 1
1 84 0
1 85 2
1 86 7
1 87 0
1 88 8
1 89 10
1 90 9
1 91 0
1 92 6
1 93 0
1 94 4
1 95 6
1 96 2
1 97 0
1 98 0
1 99 9
2 0 8
2 1 1
2 2 0
2 3 8
2 4 0
2 5 9
2 6 2
2 7 3
2 8 9
2 9 0
2 10 8
2 11 1
2 12 7
2 13 6
2 14 0
2 15 0
2 16 1
2 17 6
2 18 0
2 19 8
2 20 7
2 21 0
2 22 0
2 23 8
2 24 2
2 25 1
2 26 9
2 27 1
2 28 0
2 29 0
2 30 0
2 31 6
2 32 6
2 33 3
2 34 4
2 35 0
2 36 6
2 37 7
2 38 0
2 39 9
2 40 10
2 41 0
2 42 2
2 43 5
2 44 3
2 45 0
2 46 10
2 47 0
2 48 0
2 49 10
2 50 4
2 51 7
2 52 0
2 53 0
2 54 0
2 55 1
2 56 5
2 57 0
2 58 2
2 59 8
2 60 6
2 61 1
2 62 0
2 63 2
2 64 4
2 65 5
2 66 7
2 67 0
2 68 1
2 69 9
2 70 0
2 71 10
2 72 1
2 73 0
2 74 6
2 75 9
2 76 0
2 77 6
2 78 0
2 79 7
2 80 0
2 81 0
2 82 0
2 83 6
2 84 1
2 85 8
2 86 0
2 87 6
2 88 1
2 89 8
2 90 0
2 91 8
2 92 4
2 93 6
2 94 6
2 95 1
2 96 2
2 97 0
2 98 5
2 99 0
3 0 0
3 1 0
3 2 8
3 3 0
3 4 0
3 5 5
3 6 6
3 7 6
3 8 2
3 9 9
3 10 3
3 11 10
3 12 10
3 13 0
3 14 7
3 15 4
3 16 9
3 17 5
3 18 6
3 19 10
3 20 4
3 21 7
3 22 10
3 23 3
3 24 0
3 25 3
3 26 0
3 27 6
3 28 0
3 29 2
3 30 0
3 31 9
3 32 1
3 33 5
3 34 0
3 35 6
3 36 5
3 37 0
3 38 4
3 39 0
3 40 8
3 41 8
3 42 5
3 43 0
3 44 6
3 45 8
3 46 9
3 47 1
3 48 9
3 49 6
3 50 0
3 51 5
3 52 2
3 53 6
3 54 0
3 55 9
3 56 5
3 57 2
3 58 4
3 59 0
3 60 6
3 61 2
3 62 0
3 63 2
3 64 10
3 65 0
3 66 1
3 67 5
3 68 0
3 69 9
3 70 0
3 71 10
3 72 7
3 73 8
3 74 3
3 75 6
3 76 1
3 77 0
3 78 7
3 79 4
3 80 9
3 81 0
3 82 0
3 83 0
3 84 0
3 85 2
3 86 10
3 87 8
3 88 0
3 89 4
3 90 8
3 91 7
3 92 9
3 93 0
3 94 10
3 95 0
3 96 10
3 97 9
3 98 0
3 99 3
4 0 1
4 1 3
4 2 0
4 3 0
4 4 0
4 5 8
4 6 0
4 7 9
4 8 6
4 9 9
4 10 5
4 11 1
4 12 0
4 13 9
4 14 2
4 15 0
4 16 5
4 17 0
4 18 3
4 19 6
4 20 10
4 21 2
4 22 0
4 23 3
4 24 7
4 25 7
4 26 0
4 27 0
4 28 3
4 29 0
4 30 7
4 31 0
4 32 4
4 33 0
4 34 9
4 35 6
4 36 2
4 37 0
4 38 7
4 39 10
4 40 0
4 41 6
4 42 6
4 43 0
4 44 0
4 45 2
4 46 8
4 47 0
4 48 8
4 49 0
4 50 7
4 51 7
4 52 2
4 53 1
4 54 6
4 55 7
4 56 9
4 57 10
4 58 4
4 59 2
4 60 10
4 61 2
4 62 5
4 63 2
4 64 8
4 65 3
4 66 9
4 67 4
4 68 2
4 69 9
4 70 5
4 71 5
4 72 9
4 73 0
4 74 9
4 75 1
4 76 2
4 77 7
4 78 0
4 79 0
4 80 3
4 81 9
4 82 9
4 83 0
4 84 10
4 85 6
4 86 0
4 87 9
4 88 4
4 89 0
4 90 10
4 91 2
4 92 2
4 93 0
4 94 0
4 95 0
4 96 1
4 97 9
4 98 10
4 99 0
5 0 3
5 1 0
5 2 9
5 3 5
5 4 8
5 5 0
5 6 10
5 7 0
5 8 0
5 9 0
5 10 1
5 11 10
5 12 0
5 13 8
5 14 1
5 15 2
5 16 4
5 17 0
5 18 0
5 19 2
5 20 10
5 21 10
5 22 3
5 23 3
5 24 0
5 25 8
5 26 8
5 27 9
5 28 8
5 29 0
5 30 4
5 31 0
5 32 2
5 33 7
5 34 0
5 35 0
5 36 0
5 37 8
5 38 0
5 39 0
5 40 0
5 41 2
5 42 5
5 43 0
5 44 0
5 45 10
5 46 2
5 47 6
5 48 5
5 49 8
5 50 1
5 51 0
5 52 6
5 53 0
5 54 0
5 55 8
5 56 0
5 57 10
5 58 2
5 59 0
5 60 0
5 61 0
5 62 3
5 63 0
5 64 2
5 65 0
5 66 3
5 67 0
5 68 7
5 69 7
5 70 0
5 71 6
5 72 9
5 73 10
5 74 4
5 75 10
5 76 4
5 77 0
5 78 2
5 79 6
5 80 0
5 81 9
5 82 0
5 83 0
5 84 0
5 85 0
5 86 5
5 87 0
5 88 6
5 89 6
5 90 0
5 91 0
5 92 9
5 93 5
5 94 9
5 95 9
5 96 5
5 97 5
5 98 0
5 99 4
6 0 1
6 1 1
6 2 2
6 3 6
6 4 0
6 5 10
6 6 0
6 7 9
6 8 0
6 9 3
6 10 0
6 11 3
6 12 10
6 13 6
6 14 0
6 15 0
6 16 0
6 17 8
6 18 9
6 19 2
6 20 0
6 21 9
6 22 7
6 23 10
6 24 2
6 25 2
6 26 4
6 27 3
6 28 0
6 29 7
6 30 6
6 31 4
6 32 0
6 33 4
6 34 10
6 35 0
6 36 9
6 37 0
6 38 0
6 39 0
6 40 10
6 41 10
6 42 3
6 43 0
6 44 6
6 45 7
6 46 0
6 47 9
6 48 4
6 49 0
6 50 3
6 51 0
6 52 2
6 53 3
6 54 0
6 55 10
6 56 0
6 57 0
6 58 0
6 59 1
6 60 5
6 61 6
6 62 0
6 63 0
6 64 8
6 65 6
6 66 4
6 67 0
6 68 0
6 69 6
6 70 0
6 71 10
6 72 7
6 73 0
6 74 3
6 75 6
6 76 0
6 77 3
6 78 0
6 79 8
6 80 8
6 81 0
6 82 0
6 83 0
6 84 5
6 85 2
6 86 1
6 87 5
6 88 7
6 89 4
6 90 0
6 91 7
6 92 0
6 93 0
6 94 6
6 95 7
6 96 8
6 97 10
6 98 5
6 99 3
7 0 5
7 1 4
7 2 3
7 3 6
7 4 9
7 5 0
7 6 9
7 7 0
7 8 8
7 9 0
7 10 4
7 11 8
7 12 5
7 13 0
7 14 0
7 15 0
7 16 2
7 17 0
7 18 2
7 19 8
7 20 9
7 21 7
7 22 10
7 23 2
7 24 7
7 25 8
7 26 0
7 27 4
7 28 0
7 29 9
7 30 0
7 31 2
7 32 9
7 33 0
7 34 0
7 35 0
7 36 0
7 37 5
7 38 0
7 39 3
7 40 0
7 41 0
7 42 0
7 43 2
7 44 9
7 45 0
7 46 0
7 47 0
7 48 10
7 49 1
7 50 4
7 51 0
7 52 0
7 53 0
7 54 2
7 55 0
7 56 9
7 57 0
7 58 6
7 59 6
7 60 2
7 61 0
7 62 0
7 63 5
7 64 7
7 65 4
7 66 0
7 67 5
7 68 9
7 69 0
7 70 0
7 71 1
7 72 3
7 73 7
7 74 9
7 75 0
7 76 1
7 77 4
7 78 4
7 79 10
7 80 0
7 81 1
7 82 0
7 83 6
7 84 0
7 85 0
7 86 3
7 87 8
7 88 4
7 89 2
7 90 6
7 91 2
7 92 10
7 93 2
7 94 0
7 95 5
7 96 3
7 97 10
7 98 5
7 99 0
8 0 9
8 1 0
8 2 9
8 3 2
8 4 6
8 5 0
8 6 0
8 7 8
8 8 0
8 9 8
8 10 0
8 11 6
8 12 0
8 13 1
8 14 0
8 15 0
8 16 0
8 17 6
8 18 4
8 19 0
8 20 0
8 21 8
8 22 0
8 23 1
8 24 0
8 25 5
8 26 5
8 27 4
8 28 7
8 29 0
8 30 2
8 31 0
8 32 0
8 33 0
8 34 8
8 35 0
8 36 8
8 37 8
8 38 0
8 39 8
8 40 10
8 41 4
8 42 7
8 43 10
8 44 7
8 45 3
8 46 0
8 47 10
8 48 3
8 49 0
8 50 1
8 51 7
8 52 0
8 53 0
8 54 9
8 55 0
8 56 0
8 57 8
8 58 0
8 59 2
8 60 0
8 61 8
8 62 7
8 63 4
8 64 0
8 65 3
8 66 0
8 67 0
8 68 0
8 69 4
8 70 1
8 71 8
8 72 10
8 73 0
8 74 0
8 75 7
8 76 1
8 77 10
8 78 2
8 79 0
8 80 0
8 81 0
8 82 0
8 83 0
8 84 0
8 85 8
8 86 7
8 87 3
8 88 10
8 89 6
8 90 0
8 91 2
8 92 0
8 93 0
8 94 6
8 95 0
8 96 0
8 97 8
8 98 0
8 99 8
9 0 4
9 1 4
9 2 0
9 3 9
9 4 9
9 5 0
9 6 3
9 7 0
9 8 8
9 9 0
9 10 10
9 11 0
9 12 9
9 13 2
9 14 0
9 15 2
9 16 0
9 17 5
9 18 6
9 19 0
9 20 6
9 21 7
9 22 3
9 23 6
9 24 7
9 25 1
9 26 0
9 27 3
9 28 1
9 29 0
9 30 0
9 31 3
9 32 2
9 33 2
9 34 0
9 35 6
9 36 8
9 37 0
9 38 0
9 39 3
9 40 0
9 41 3
9 42 0
9 43 6
9 44 1
9 45 4
9 46 3
9 47 0
9 48 2
9 49 10
9 50 9
9 51 8
9 52 5
9 53 9
9 54 9
9 55 4
9 56 2
9 57 0
9 58 5
9 59 2
9 60 9
9 61 9
9 62 0
9 63 10
9 64 9
9 65 0
9 66 10
9 67 0
9 68 8
9 69 0
9 70 5
9 71 0
9 72 0
9 73 0
9 74 2
9 75 7
9 76 2
9 77 7
9 78 1
9 79 0
9 80 0
9 81 9
9 82 1
9 83 9
9 84 9
9 85 8
9 86 9
9 87 6
9 88 7
9 89 0
9 90 6
9 91 9
9 92 7
9 93 3
9 94 5
9 95 3
9 96 0
9 97 8
9 98 0
9 99 4
10 0 9
10 1 3
10 2 8
10 3 3
10 4 5
10 5 1
10 6 0
10 7 4
10 8 0
10 9 10
10 10 0
10 11 4
10 12 10
10 13 1
10 14 10
10 15 6
10 16 6
10 17 7
10 18 9
10 19 3
10 20 9
10 21 0
10 22 4
10 23 4
10 24 9
10 25 6
10 26 8
10 27 3
10 28 1
10 29 3
10 30 0
10 31 6
10 32 0
10 33 0
10 34 0
10 35 0
10 36 5
10 37 9
10 38 3
10 39 3
10 40 8
10 41 10
10 42 0
10 43 1
10 44 1
10 45 8
10 46 3
10 47 6
10 48 9
10 49 5
10 50 5
10 51 0
10 52 9
10 53 0
10 54 0
10 55 6
10 56 0
10 57 0
10 58 7
10 59 0
10 60 0
10 61 9
10 62 0
10 63 2
10 64 1
10 65 10
10 66 0
10 67 4
10 68 0
10 69 7
10 70 3
10 71 0
10 72 0
10 73 10
10 74 10
10 75 7
10 76 6
10 77 1
10 78 0
10 79 5
10 80 9
10 81 2
10 82 0
10 83 2
10 84 10
10 85 5
10 86 10
10 87 1
10 88 4
10 89 3
10 90 0
10 91 0
10 92 3
10 93 0
10 94 10
10 95 5
10 96 9
10 97 4
10 98 6
10 99 1
11 0 0
11 1 8
11 2 1
11 3 10
11 4 1
11 5 10
11 6 3
11 7 8
11 8 6
11 9 0
11 10 4
11 11 0
11 12 5
11 13 10
11 14 0
11 15 1
11 16 1
11 17 0
11 18 9
11 19 0
11 20 1
11 21 7
11 22 5
11 23 4
11 24 0
11 25 5
11 26 7
11 27 2
11 28 0
11 29 0
11 30 0
11 31 0
11 32 0
11 33 0
11 34 7
11 35 2
11 36 0
11 37 8
11 38 0
11 39 0
11 40 0
11 41 1
11 42 2
11 43 8
11 44 0
11 45 0
11 46 8
11 47 5
11 48 7
11 49 4
11 50 3
11 51 9
11 52 2
11 53 6
11 54 7
11 55 3
11 56 0
11 57 1
11 58 0
11 59 3
11 60 7
11 61 4
11 62 0
11 63 4
11 64 6
11 65 4
11 66 0
11 67 6
11 68 2
11 69 0
11 70 8
11 71 3
11 72 0
11 73 0
11 74 0
11 75 8
11 76 2
11 77 7
11 78 0
11 79 0
11 80 4
11 81 8
11 82 8
11 83 0
11 84 0
11 85 3
11 86 10
11 87 7
11 88 0
11 89 6
11 90 2
11 91 3
11 92 0
11 93 0
11 94 6
11 95 9
11 96 6
11 97 6
11 98 2
11 99 8
12 0 8
12 1 4
12 2 7
12 3 10
12 4 0
12 5 0
12 6 10
12 7 5
12 8 0
12 9 9
12 10 10
12 11 5
12 12 0
12 13 3
12 14 4
12 15 9
12 16 0
12 17 1
12 18 8
12 19 5
12 20 1
12 21 0
12 22 9
12 23 5
12 24 1
12 25 3
12 26 0
12 27 5
12 28 8
12 29 0
12 30 10
12 31 6
12 32 6
12 33 0
12 34 0
12 35 3
12 36 0
12 37 5
12 38 4
12 39 0
12 40 3
12 41 0
12 42 10
12 43 0
12 44 4
12 45 0
12 46 0
12 47 9
12 48 6
12 49 3
12 50 3
12 51 3
12 52 0
12 53 7
12 54 2
12 55 0
12 56 1
12 57 8
12 58 8
12 59 5
12 60 0
12 61 6
12 62 1
12 63 0
12 64 7
12 65 0
12 66 0
12 67 7
12 68 9
12 69 10
12 70 8
12 71 5
12 72 8
12 73 0
12 74 0
12 75 0
12 76 0
12 77 10
12 78 0
12 79 6
12 80 7
12 81 0
12 82 8
12 83 0
12 84 5
12 85 0
12 86 3
12 87 8
12 88 0
12 89 0
12 90 0
12 91 0
12 92 7
12 93 0
12 94 6
12 95 6
12 96 4
12 97 1
12 98 8
12 99 0
13 0 7
13 1 2
13 2 6
13 3 0
13 4 9
13 5 8
13 6 6
13 7 0
13 8 1
13 9 2
13 10 1
13 11 10
13 12 3
13 13 0
13 14 0
13 15 0
13 16 0
13 17 0
13 18 0
13 19 6
13 20 2
13 21 0
13 22 0
13 23 9
13 24 10
13 25 5
13 26 7
13 27 4
13 28 3
13 29 3
13 30 5
13 31 0
13 32 0
13 33 0
13 34 5
13 35 3
13 36 0
13 37 8
13 38 9
13 39 0
13 40 2
13 41 4
13 42 5
13 43 0
13 44 1
13 45 0
13 46 0
13 47 0
13 48 8
13 49 7
13 50 5
13 51 0
13 52 0
13 53 0
13 54 5
13 55 0
13 56 0
13 57 0
13 58 10
13 59 0
13 60 7
13 61 6
13 62 9
13 63 0
13 64 6
13 65 1
13 66 0
13 67 5
13 68 4
13 69 0
13 70 0
13 71 0
13 72 0
13 73 6
13 74 0
13 75 0
13 76 7
13 77 10
13 78 0
13 79 8
13 80 0
13 81 5
13 82 0
13 83 6
13 84 10
13 85 10
13 86 3
13 87 0
13 88 3
13 89 2
13 90 0
13 91 10
13 92 4
13 93 6
13 94 2
13 95 1
13 96 4
13 97 3
13 98 1
13 99 4
14 0 7
14 1 10
14 2 0
14 3 7
14 4 2
14 5 1
14 6 0
14 7 0
14 8 0
14 9 0
14 10 10
14 11 0
14 12 4
14 13 0
14 14 0
14 15 2
14 16 6
14 17 0
14 18 10
14 19 9
14 20 0
14 21 7
14 22 9
14 23 10
14 24 8
14 25 0
14 26 0
14 27 2
14 28 3
14 29 0
14 30 7
14 31 1
14 32 0
14 33 9
14 34 1
14 35 0
14 36 0
14 37 0
14 38 0
14 39 10
14 40 6
14 41 7
14 42 6
14 43 0
14 44 5
14 45 9
14 46 0
14 47 2
14 48 6
14 49 2
14 50 10
14 51 10
14 52 8
14 53 2
14 54 5
14 55 10
14 56 8
14 57 0
14 58 7
14 59 0
14 60 0
14 61 6
14 62 10
14 63 5
14 64 0
14 65 10
14 66 0
14 67 5
14 68 0
14 69 0
14 70 10
14 71 1
14 72 0
14 73 0
14 74 0
14 75 4
14 76 0
14 77 1
14 78 9
14 79 6
14 80 9
14 81 0
14 82 0
14 83 9
14 84 2
14 85 7
14 86 0
14 87 3
14 88 0
14 89 1
14 90 4
14 91 0
14 92 1
14 93 0
14 94 0
14 95 1
14 96 2
14 97 0
14 98 3
14 99 0
15 0 7
15 1 0
15 2 0
15 3 4
15 4 0
15 5 2
15 6 0
15 7 0
15 8 0
15 9 2
15 10 6
15 11 1
15 12 9
15 13 0
15 14 2
15 15 0
15 16 9
15 17 6
15 18 9
15 19 0
15 20 0
15 21 2
15 22 9
15 23 3
15 24 1
15 25 0
15 26 8
15 27 4
15 28 0
15 29 9
15 30 10
15 31 0
15 32 0
15 33 0
15 34 0
15 35 2
15 36 3
15 37 10
15 38 7
15 39 4
15 40 0
15 41 0
15 42 5
15 43 9
15 44 3
15 45 5
15 46 1
15 47 9
15 48 10
15 49 1
15 50 9
15 51 0
15 52 0
15 53 3
15 54 5
15 55 9
15 56 4
15 57 6
15 58 3
15 59 0
15 60 0
15 61 8
15 62 2
15 63 6
15 64 2
15 65 0
15 66 4
15 67 9
15 68 1
15 69 10
15 70 0
15 71 0
15 72 0
15 73 6
15 74 0
15 75 0
15 76 5
15 77 0
15 78 3
15 79 3
15 80 0
15 81 5
15 82 6
15 83 0
15 84 0
15 85 1
15 86 0
15 87 0
15 88 0
15 89 0
15 90 5
15 91 2
15 92 0
15 93 0
15 94 5
15 95 6
15 96 0
15 97 3
15 98 0
15 99 0
16 0 10
16 1 5
16 2 1
16 3 9
16 4 5
16 5 4
16 6 0
16 7 2
16 8 0
16 9 0
16 10 6
16 11 1
16 12 0
16 13 0
16 14 6
16 15 9
16 16 0
16 17 0
16 18 0
16 19 2
16 20 10
16 21 0
16 22 0
16 23 0
16 24 9
16 25 5
16 26 1
16 27 6
16 28 9
16 29 0
16 30 0
16 31 7
16 32 4
16 33 1
16 34 0
16 35 8
16 36 6
16 37 1
16 38 9
16 39 0
16 40 0
16 41 0
16 42 8
16 43 0
16 44 7
16 45 9
16 46 0
16 47 0
16 48 0
16 49 5
16 50 1
16 51 5
16 52 10
16 53 0
16 54 5
16 55 0
16 56 7
16 57 0
16 58 0
16 59 0
16 60 2
16 61 7
16 62 9
16 63 4
16 64 9
16 65 0
16 66 4
16 67 9
16 68 5
16 69 1
16 70 8
16 71 0
16 72 4
16 73 0
16 74 0
16 75 1
16 76 5
16 77 8
16 78 3
16 79 3
16 80 6
16 81 7
16 82 6
16 83 0
16 84 1
16 85 4
16 86 1
16 87 0
16 88 1
16 89 4
16 90 0
16 91 9
16 92 5
16 93 5
16 94 3
16 95 0
16 96 0
16 97 2
16 98 0
16 99 0
17 0 8
17 1 0
17 2 6
17 3 5
17 4 0
17 5 0
17 6 8
17 7 0
17 8 6
17 9 5
17 10 7
17 11 0
17 12 1
17 13 0
17 14 0
17 15 6
17 16 0
17 17 0
17 18 7
17 19 0
17 20 0
17 21 2
17 22 4
17 23 9
17 24 10
17 25 10
17 26 0
17 27 5
17 28 7
17 29 1
17 30 0
17 31 8
17 32 5
17 33 0
17 34 5
17 35 10
17 36 2
17 37 0
17 38 0
17 39 0
17 40 0
17 41 0
17 42 8
17 43 1
17 44 9
17 45 0
17 46 5
17 47 6
17 48 8
17 49 6
17 50 0
17 51 5
17 52 7
17 53 0
17 54 6
17 55 1
17 56 7
17 57 0
17 58 10
17 59 0
17 60 0
17 61 3
17 62 9
17 63 0
17 64 9
17 65 7
17 66 0
17 67 2
17 68 0
17 69 0
17 70 0
17 71 1
17 72 0
17 73 2
17 74 0
17 75 2
17 76 2
17 77 0
17 78 0
17 79 3
17 80 8
17 81 0
17 82 0
17 83 0
17 84 0
17 85 8
17 86 8
17 87 0
17 88 1
17 89 7
17 90 5
17 91 9
17 92 8
17 93 0
17 94 9
17 95 0
17 96 9
17 97 0
17 98 9
17 99 8
18 0 0
18 1 5
18 2 0
18 3 6
18 4 3
18 5 0
18 6 9
18 7 2
18 8 4
18 9 6
18 10 9
18 11 9
18 12 8
18 13 0
18 14 10
18 15 9
18 16 0
18 17 7
18 18 0
18 19 0
18 20 1
18 21 0
18 22 2
18 23 1
18 24 2
18 25 8
18 26 2
18 27 0
18 28 7
18 29 0
18 30 0
18 31 7
18 32 1
18 33 9
18 34 0
18 35 0
18 36 8
18 37 0
18 38 8
18 39 0
18 40 2
18 41 1
18 42 9
18 43 0
18 44 0
18 45 8
18 46 6
18 47 8
18 48 2
18 49 0
18 50 10
18 51 0
18 52 0
18 53 7
18 54 5
18 55 0
18 56 6
18 57 0
18 58 1
18 59 2
18 60 0
18 61 10
18 62 4
18 63 8
18 64 9
18 65 0
18 66 3
18 67 10
18 68 2
18 69 5
18 70 0
18 71 0
18 72 0
18 73 0
18 74 9
18 75 4
18 76 0
18 77 8
18 78 1
18 79 5
18 80 10
18 81 0
18 82 4
18 83 0
18 84 5
18 85 0
18 86 7
18 87 0
18 88 1
18 89 9
18 90 2
18 91 7
18 92 0
18 93 0
18 94 0
18 95 0
18 96 2
18 97 6
18 98 0
18 99 3
19 0 3
19 1 5
19 2 8
19 3 10
19 4 6
19 5 2
19 6 2
19 7 8
19 8 0
19 9 0
19 10 3
19 11 0
19 12 5
19 13 6
19 14 9
19 15 0
19 16 2
19 17 0
19 18 0
19 19 0
19 20 6
19 21 0
19 22 1
19 23 8
19 24 6
19 25 0
19 26 3
19 27 0
19 28 0
19 29 9
19 30 2
19 31 0
19 32 4
19 33 6
19 34 10
19 35 10
19 36 3
19 37 3
19 38 5
19 39 9
19 40 0
19 41 1
19 42 8
19 43 0
19 44 5
19 45 9
19 46 2
19 47 5
19 48 0
19 49 4
19 50 0
19 51 2
19 52 8
19 53 9
19 54 2
19 55 9
19 56 5
19 57 4
19 58 0
19 59 2
19 60 6
19 61 0
19 62 7
19 63 6
19 64 0
19 65 0
19 66 9
19 67 0
19 68 0
19 69 0
19 70 0
19 71 6
19 72 0
19 73 2
19 74 1
19 75 0
19 76 0
19 77 0
19 78 0
19 79 3
19 80 0
19 81 0
19 82 0
19 83 0
19 84 10
19 85 10
19 86 2
19 87 0
19 88 6
19 89 1
19 90 0
19 91 0
19 92 4
19 93 10
19 94 0
19 95 1
19 96 0
19 97 5
19 98 6
19 99 3
20 0 6
20 1 2
20 2 7
20 3 4
20 4 10
20 5 10
20 6 0
20 7 9
20 8 0
20 9 6
20 10 9
20 11 1
20 12 1
20 13 2
20 14 0
20 15 0
20 16 10
20 17 0
20 18 1
20 19 6
20 20 0
20 21 0
20 22 4
20 23 0
20 24 0
20 25 3
20 26 9
20 27 8
20 28 0
20 29 9
20 30 5
20 31 0
20 32 1
20 33 5
20 34 2
20 35 0
20 36 6
20 37 0
20 38 0
20 39 0
20 40 0
20 41 4
20 42 0
20 43 4
20 44 0
20 45 0
20 46 0
20 47 10
20 48 0
20 49 6
20 50 7
20 51 0
20 52 0
20 53 2
20 54 1
20 55 0
20 56 10
20 57 0
20 58 0
20 59 0
20 60 4
20 61 7
20 62 0
20 63 5
20 64 0
20 65 0
20 66 0
20 67 10
20 68 0
20 69 0
20 70 0
20 71 1
20 72 0
20 73 0
20 74 0
20 75 5
20 76 0
20 77 3
20 78 9
20 79 3
20 80 7
20 81 6
20 82 0
20 83 0
20 84 0
20 85 2
20 86 7
20 87 5
20 88 9
20 89 8
20 90 0
20 91 10
20 92 7
20 93 9
20 94 6
20 95 0
20 96 0
20 97 0
20 98 1
20 99 0
21 0 9
21 1 0
21 2 0
21 3 7
21 4 2
21 5 10
21 6 9
21 7 7
21 8 8
21 9 7
21 10 0
21 11 7
21 12 0
21 13 0
21 14 7
21 15 2
21 16 0
21 17 2
21 18 0
21 19 0
21 20 0
21 21 0
21 22 4
21 23 0
21 24 5
21 25 3
21 26 2
21 27 0
21 28 2
21 29 2
21 30 0
21 31 1
21 32 0
21 33 7
21 34 6
21 35 9
21 36 10
21 37 8
21 38 0
21 39 3
21 40 6
21 41 0
21 42 4
21 43 1
21 44 10
21 45 1
21 46 2
21 47 0
21 48 0
21 49 0
21 50 0
21 51 4
21 52 0
21 53 7
21 54 1
21 55 3
21 56 0
21 57 0
21 58 0
21 59 8
21 60 0
21 61 2
21 62 0
21 63 9
21 64 0
21 65 0
21 66 0
21 67 9
21 68 0
21 69 2
21 70 10
21 71 0
21 72 3
21 73 10
21 74 9
21 75 10
21 76 0
21 77 4
21 78 9
21 79 2
21 80 2
21 81 8
21 82 10
21 83 6
21 84 0
21 85 4
21 86 7
21 87 1
21 88 8
21 89 0
21 90 0
21 91 3
21 92 0
21 93 7
21 94 0
21 95 10
21 96 2
21 97 0
21 98 0
21 99 10
22 0 8
22 1 4
22 2 0
22 3 10
22 4 0
22 5 3
22 6 7
22 7 10
22 8 0
22 9 3
22 10 4
22 11 5
22 12 9
22 13 0
22 14 9
22 15 9
22 16 0
22 17 4
22 18 2
22 19 1
22 20 4
22 21 4
22 22 0
22 23 0
22 24 0
22 25 9
22 26 8
22 27 2
22 28 0
22 29 0
22 30 10
22 31 4
22 32 0
22 33 0
22 34 4
22 35 0
22 36 2
22 37 2
22 38 9
22 39 8
22 40 9
22 41 0
22 42 1
22 43 0
22 44 8
22 45 10
22 46 7
22 47 2
22 48 2
22 49 0
22 50 0
22 51 6
22 52 0
22 53 3
22 54 2
22 55 10
22 56 3
22 57 0
22 58 8
22 59 9
22 60 3
22 61 0
22 62 0
22 63 0
22 64 0
22 65 8
22 66 2
22 67 0
22 68 0
22 69 0
22 70 8
22 71 2
22 72 2
22 73 0
22 74 2
22 75 0
22 76 0
22 77 0
22 78 6
22 79 4
22 80 0
22 81 0
22 82 0
22 83 0
22 84 9
22 85 10
22 86 9
22 87 0
22 88 4
22 89 1
22 90 10
22 91 6
22 92 7
22 93 0
22 94 2
22 95 6
22 96 0
22 97 9
22 98 8
22 99 6
23 0 8
23 1 3
23 2 8
23 3 3
23 4 3
23 5 3
23 6 10
23 7 2
23 8 1
23 9 6
23 10 4
23 11 4
23 12 5
23 13 9
23 14 10
23 15 3
23 16 0
23 17 9
23 18 1
23 19 8
23 20 0
23 21 0
23 22 0
23 23 0
23 24 0
23 25 0
23 26 7
23 27 0
23 28 0
23 29 3
23 30 0
23 31 3
23 32 0
23 33 8
23 34 2
23 35 2
23 36 0
23 37 1
23 38 5
23 39 0
23 40 0
23 41 0
23 42 0
23 43 0
23 44 3
23 45 3
23 46 0
23 47 7
23 48 9
23 49 2
23 50 3
23 51 2
23 52 2
23 53 0
23 54 0
23 55 0
23 56 8
23 57 1
23 58 0
23 59 10
23 60 0
23 61 5
23 62 0
23 63 6
23 64 5
23 65 9
23 66 1
23 67 5
23 68 9
23 69 0
23 70 6
23 71 7
23 72 0
23 73 0
23 74 0
23 75 10
23 76 0
23 77 1
23 78 0
23 79 9
23 80 3
23 81 6
23 82 0
23 83 5
23 84 0
23 85 9
23 86 0
23 87 0
23 88 2
23 89 0
23 90 7
23 91 0
23 92 4
23 93 9
23 94 0
23 95 9
23 96 0
23 97 5
23 98 0
23 99 0
24 0 5
24 1 8
24 2 2
24 3 0
24 4 7
24 5 0
24 6 2
24 7 7
24 8 0
24 9 7
24 10 9
24 11 0
24 12 1
24 13 10
24 14 8
24 15 1
24 16 9
24 17 10
24 18 2
24 19 6
24 20 0
24 21 5
24 22 0
24 23 0
24 24 0
24 25 4
24 26 5
24 27 0
24 28 2
24 29 0
24 30 0
24 31 5
24 32 1
24 33 1
24 34 1
24 35 8
24 36 0
24 37 0
24 38 2
24 39 3
24 40 0
24 41 0
24 42 0
24 43 0
24 44 6
24 45 3
24 46 5
24 47 0
24 48 7
24 49 0
24 50 0
24 51 7
24 52 8
24 53 0
24 54 4
24 55 1
24 56 0
24 57 9
24 58 0
24 59 0
24 60 1
24 61 9
24 62 0
24 63 0
24 64 0
24 65 0
24 66 0
24 67 0
24 68 8
24 69 6
24 70 9
24 71 9
24 72 8
24 73 5
24 74 2
24 75 7
24 76 10
24 77 6
24 78 2
24 79 0
24 80 0
24 81 4
24 82 3
24 83 5
24 84 10
24 85 1
24 86 0
24 87 9
24 88 0
24 89 0
24 90 8
24 91 0
24 92 8
24 93 4
24 94 0
24 95 0
24 96 7
24 97 0
24 98 5
24 99 3
25 0 3
25 1 1
25 2 1
25 3 3
25 4 7
25 5 8
25 6 2
25 7 8
25 8 5
25 9 1
25 10 6
25 11 5
25 12 3
25 13 5
25 14 0
25 15 0
25 16 5
25 17 10
25 18 8
25 19 0
25 20 3
25 21 3
25 22 9
25 23 0
25 24 4
25 25 0
25 26 5
25 27 0
25 28 6
25 29 0
25 30 9
25 31 1
25 32 0
25 33 0
25 34 4
25 35 1
25 36 4
25 37 0
25 38 0
25 39 2
25 40 8
25 41 0
25 42 0
25 43 0
25 44 0
25 45 2
25 46 0
25 47 6
25 48 2
25 49 0
25 50 0
25 51 5
25 52 10
25 53 5
25 54 5
25 55 5
25 56 9
25 57 2
25 58 0
25 59 0
25 60 5
25 61 0
25 62 7
25 63 2
25 64 3
25 65 0
25 66 5
25 67 5
25 68 4
25 69 0
25 70 0
25 71 4
25 72 0
25 73 0
25 74 4
25 75 5
25 76 0
25 77 0
25 78 4
25 79 10
25 80 0
25 81 3
25 82 4
25 83 8
25 84 6
25 85 0
25 86 0
25 87 2
25 88 0
25 89 8
25 90 0
25 91 0
25 92 0
25 93 6
25 94 7
25 95 8
25 96 5
25 97 0
25 98 6
25 99 0
26 0 3
26 1 9
26 2 9
26 3 0
26 4 0
26 5 8
26 6 4
26 7 0
26 8 5
26 9 0
26 10 8
26 11 7
26 12 0
26 13 7
26 14 0
26 15 8
26 16 1
26 17 0
26 18 2
26 19 3
26 20 9
26 21 2
26 22 8
26 23 7
26 24 5
26 25 5
26 26 0
26 27 0
26 28 0
26 29 9
26 30 0
26 31 5
26 32 0
26 33 0
26 34 1
26 35 0
26 36 0
26 37 7
26 38 10
26 39 3
26 40 9
26 41 9
26 42 0
26 43 1
26 44 1
26 45 0
26 46 0
26 47 0
26 48 5
26 49 5
26 50 10
26 51 1
26 52 0
26 53 9
26 54 7
26 55 1
26 56 3
26 57 5
26 58 7
26 59 8
26 60 4
26 61 5
26 62 0
26 63 9
26 64 9
26 65 0
26 66 8
26 67 2
26 68 8
26 69 3
26 70 0
26 71 4
26 72 0
26 73 2
26 74 4
26 75 4
26 76 0
26 77 0
26 78 5
26 79 0
26 80 4
26 81 0
26 82 4
26 83 1
26 84 0
26 85 1
26 86 9
26 87 0
26 88 0
26 89 0
26 90 4
26 91 0
26 92 0
26 93 0
26 94 3
26 95 9
26 96 0
26 97 1
26 98 10
26 99 7
27 0 0
27 1 6
27 2 1
27 3 6
27 4 0
27 5 9
27 6 3
27 7 4
27 8 4
27 9 3
27 10 3
27 11 2
27 12 5
27 13 4
27 14 2
27 15 4
27 16 6
27 17 5
27 18 0
27 19 0
27 20 8
27 21 0
27 22 2
27 23 0
27 24 0
27 25 0
27 26 0
27 27 0
27 28 8
27 29 8
27 30 8
27 31 9
27 32 0
27 33 9
27 34 7
27 35 2
27 36 0
27 37 6
27 38 0
27 39 2
27 40 3
27 41 0
27 42 0
27 43 2
27 44 4
27 45 10
27 46 5
27 47 4
27 48 7
27 49 9
27 50 0
27 51 0
27 52 0
27 53 6
27 54 3
27 55 1
27 56 7
27 57 7
27 58 2
27 59 0
27 60 3
27 61 5
27 62 0
27 63 5
27 64 10
27 65 0
27 66 0
27 67 0
27 68 1
27 69 10
27 70 0
27 71 2
27 72 4
27 73 2
27 74 8
27 75 0
27 76 0
27 77 10
27 78 5
27 79 0
27 80 2
27 81 0
27 82 7
27 83 4
27 84 6
27 85 0
27 86 4
27 87 0
27 88 2
27 89 3
27 90 9
27 91 7
27 92 0
27 93 3
27 94 0
27 95 6
27 96 0
27 97 9
27 98 0
27 99 0
28 0 0
28 1 4
28 2 0
28 3 0
28 4 3
28 5 8
28 6 0
28 7 0
28 8 7
28 9 1
28 10 1
28 11 0
28 12 8
28 13 3
28 14 3
28 15 0
28 16 9
28 17 7
28 18 7
28 19 0
28 20 0
28 21 2
28 22 0
28 23 0
28 24 2
28 25 6
28 26 0
28 27 8
28 28 0
28 29 6
28 30 7
28 31 1
28 32 9
28 33 1
28 34 0
28 35 0
28 36 0
28 37 1
28 38 3
28 39 7
28 40 1
28 41 0
28 42 4
28 43 6
28 44 2
28 45 4
28 46 10
28 47 1
28 48 1
28 49 0
28 50 0
28 51 4
28 52 0
28 53 0
28 54 7
28 55 1
28 56 0
28 57 0
28 58 10
28 59 1
28 60 9
28 61 7
28 62 4
28 63 0
28 64 7
28 65 0
28 66 7
28 67 10
28 68 0
28 69 6
28 70 8
28 71 0
28 72 2
28 73 0
28 74 9
28 75 0
28 76 6
28 77 1
28 78 9
28 79 5
28 80 1
28 81 0
28 82 6
28 83 1
28 84 3
28 85 0
28 86 0
28 87 0
28 88 0
28 89 0
28 90 10
28 91 0
28 92 0
28 93 6
28 94 0
28 95 0
28 96 6
28 97 0
28 98 0
28 99 0
29 0 1
29 1 2
29 2 0
29 3 2
29 4 0
29 5 0
29 6 7
29 7 9
29 8 0
29 9 0
29 10 3
29 11 0
29 12 0
29 13 3
29 14 0
29 15 9
29 16 0
29 17 1
29 18 0
29 19 9
29 20 9
29 21 2
29 22 0
29 23 3
29 24 0
29 25 0
29 26 9
29 27 8
29 28 6
29 29 0
29 30 10
29 31 0
29 32 6
29 33 6
29 34 1
29 35 6
29 36 2
29 37 0
29 38 0
29 39 0
29 40 9
29 41 0
29 42 9
29 43 8
29 44 6
29 45 9
29 46 1
29 47 0
29 48 3
29 49 4
29 50 8
29 51 0
29 52 0
29 53 0
29 54 0
29 55 1
29 56 6
29 57 0
29 58 0
29 59 0
29 60 1
29 61 4
29 62 1
29 63 5
29 64 1
29 65 10
29 66 0
29 67 4
29 68 3
29 69 0
29 70 7
29 71 4
29 72 0
29 73 5
29 74 0
29 75 0
29 76 4
29 77 7
29 78 0
29 79 7
29 80 0
29 81 0
29 82 8
29 83 4
29 84 0
29 85 4
29 86 5
29 87 5
29 88 10
29 89 0
29 90 4
29 91 6
29 92 7
29 93 5
29 94 9
29 95 8
29 96 0
29 97 9
29 98 8
29 99 6
30 0 4
30 1 7
30 2 0
30 3 0
30 4 7
30 5 4
30 6 6
30 7 0
30 8 2
30 9 0
30 10 0
30 11 0
30 12 10
30 13 5
30 14 7
30 15 10
30 16 0
30 17 0
30 18 0
30 19 2
30 20 5
30 21 0
30 22 10
30 23 0
30 24 0
30 25 9
30 26 0
30 27 8
30 28 7
30 29 10
30 30 0
30 31 8
30 32 7
30 33 0
30 34 10
30 35 5
30 36 10
30 37 0
30 38 9
30 39 0
30 40 7
30 41 8
30 42 3
30 43 0
30 44 0
30 45 5
30 46 3
30 47 0
30 48 1
30 49 0
30 50 2
30 51 8
30 52 0
30 53 10
30 54 0
30 55 10
30 56 4
30 57 0
30 58 7
30 59 2
30 60 0
30 61 7
30 62 7
30 63 0
30 64 5
30 65 9
30 66 0
30 67 4
30 68 9
30 69 0
30 70 0
30 71 5
30 72 6
30 73 8
30 74 1
30 75 10
30 76 6
30 77 6
30 78 0
30 79 3
30 80 1
30 81 6
30 82 7
30 83 8
30 84 9
30 85 3
30 86 0
30 87 0
30 88 0
30 89 0
30 90 2
30 91 6
30 92 5
30 93 0
30 94 8
30 95 0
30 96 9
30 97 4
30 98 0
30 99 0
31 0 7
31 1 7
31 2 6
31 3 9
31 4 0
31 5 0
31 6 4
31 7 2
31 8 0
31 9 3
31 10 6
31 11 0
31 12 6
31 13 0
31 14 1
31 15 0
31 16 7
31 17 8
31 18 7
31 19 0
31 20 0
31 21 1
31 22 4
31 23 3
31 24 5
31 25 1
31 26 5
31 27 9
31 28 1
31 29 0
31 30 8
31 31 0
31 32 1
31 33 0
31 34 0
31 35 2
31 36 0
31 37 0
31 38 1
31 39 0
31 40 0
31 41 8
31 42 7
31 43 0
31 44 1
31 45 9
31 46 0
31 47 0
31 48 0
31 49 0
31 50 6
31 51 0
31 52 0
31 53 1
31 54 6
31 55 2
31 56 0
31 57 0
31 58 1
31 59 10
31 60 8
31 61 2
31 62 0
31 63 0
31 64 9
31 65 4
31 66 3
31 67 3
31 68 2
31 69 9
31 70 9
31 71 10
31 72 0
31 73 4
31 74 4
31 75 8
31 76 4
31 77 0
31 78 9
31 79 3
31 80 6
31 81 9
31 82 3
31 83 8
31 84 7
31 85 10
31 86 0
31 87 1
31 88 7
31 89 2
31 90 7
31 91 0
31 92 0
31 93 9
31 94 0
31 95 0
31 96 0
31 97 6
31 98 1
31 99 10
32 0 0
32 1 7
32 2 6
32 3 1
32 4 4
32 5 2
32 6 0
32 7 9
32 8 0
32 9 2
32 10 0
32 11 0
32 12 6
32 13 0
32 14 0
32 15 0
32 16 4
32 17 5
32 18 1
32 19 4
32 20 1
32 21 0
32 22 0
32 23 0
32 24 1
32 25 0
32 26 0
32 27 0
32 28 9
32 29 6
32 30 7
32 31 1
32 32 0
32 33 9
32 34 2
32 35 0
32 36 2
32 37 6
32 38 0
32 39 0
32 40 10
32 41 0
32 42 10
32 43 10
32 44 7
32 45 8
32 46 1
32 47 0
32 48 3
32 49 6
32 50 4
32 51 0
32 52 3
32 53 0
32 54 7
32 55 0
32 56 0
32 57 2
32 58 3
32 59 7
32 60 1
32 61 1
32 62 0
32 63 8
32 64 2
32 65 5
32 66 3
32 67 0
32 68 1
32 69 0
32 70 9
32 71 10
32 72 7
32 73 3
32 74 8
32 75 10
32 76 5
32 77 0
32 78 1
32 79 0
32 80 0
32 81 4
32 82 2
32 83 0
32 84 0
32 85 0
32 86 0
32 87 0
32 88 8
32 89 3
32 90 9
32 91 8
32 92 0
32 93 0
32 94 6
32 95 0
32 96 4
32 97 4
32 98 7
32 99 8
33 0 0
33 1 1
33 2 3
33 3 5
33 4 0
33 5 7
33 6 4
33 7 0
33 8 0
33 9 2
33 10 0
33 11 0
33 12 0
33 13 0
33 14 9
33 15 0
33 16 1
33 17 0
33 18 9
33 19 6
33 20 5
33 21 7
33 22 0
33 23 8
33 24 1
33 25 0
33 26 0
33 27 9
33 28 1
33 29 6
33 30 0
33 31 0
33 32 9
33 33 0
33 34 2
33 35 7
33 36 2
33 37 8
33 38 1
33 39 6
33 40 0
33 41 1
33 42 7
33 43 3
33 44 0
33 45 7
33 46 10
33 47 0
33 48 2
33 49 0
33 50 7
33 51 9
33 52 1
33 53 4
33 54 5
33 55 0
33 56 0
33 57 9
33 58 0
33 59 0
33 60 8
33 61 6
33 62 0
33 63 5
33 64 9
33 65 0
33 66 5
33 67 0
33 68 2
33 69 5
33 70 5
33 71 3
33 72 0
33 73 4
33 74 0
33 75 6
33 76 3
33 77 3
33 78 6
33 79 6
33 80 5
33 81 0
33 82 9
33 83 0
33 84 9
33 85 0
33 86 5
33 87 4
33 88 0
33 89 8
33 90 3
33 91 2
33 92 3
33 93 1
33 94 0
33 95 10
33 96 10
33 97 0
33 98 2
33 99 10
34 0 10
34 1 10
34 2 4
34 3 0
34 4 9
34 5 0
34 6 10
34 7 0
34 8 8
34 9 0
34 10 0
34 11 7
34 12 0
34 13 5
34 14 1
34 15 0
34 16 0
34 17 5
34 18 0
34 19 10
34 20 2
34 21 6
34 22 4
34 23 2
34 24 1
34 25 4
34 26 1
34 27 7
34 28 0
34 29 1
34 30 10
34 31 0
34 32 2
34 33 2
34 34 0
34 35 0
34 36 0
34 37 3
34 38 8
34 39 2
34 40 0
34 41 9
34 42 8
34 43 8
34 44 10
34 45 2
34 46 6
34 47 8
34 48 9
34 49 0
34 50 8
34 51 0
34 52 6
34 53 9
34 54 0
34 55 4
34 56 4
34 57 5
34 58 8
34 59 2
34 60 0
34 61 0
34 62 6
34 63 2
34 64 0
34 65 1
34 66 0
34 67 0
34 68 0
34 69 6
34 70 0
34 71 9
34 72 0
34 73 0
34 74 5
34 75 6
34 76 3
34 77 1
34 78 2
34 79 4
34 80 0
34 81 8
34 82 0
34 83 7
34 84 4
34 85 4
34 86 6
34 87 5
34 88 5
34 89 9
34 90 3
34 91 4
34 92 7
34 93 6
34 94 4
34 95 7
34 96 1
34 97 4
34 98 3
34 99 0
35 0 0
35 1 0
35 2 0
35 3 6
35 4 6
35 5 0
35 6 0
35 7 0
35 8 0
35 9 6
35 10 0
35 11 2
35 12 3
35 13 3
35 14 0
35 15 2
35 16 8
35 17 10
35 18 0
35 19 10
35 20 0
35 21 9
35 22 0
35 23 2
35 24 8
35 25 1
35 26 0
35 27 2
35 28 0
35 29 6
35 30 5
35 31 2
35 32 0
35 33 7
35 34 0
35 35 0
35 36 0
35 37 0
35 38 10
35 39 10
35 40 7
35 41 4
35 42 6
35 43 1
35 44 2
35 45 0
35 46 9
35 47 5
35 48 7
35 49 0
35 50 1
35 51 8
35 52 0
35 53 0
35 54 8
35 55 4
35 56 0
35 57 0
35 58 0
35 59 8
35 60 9
35 61 4
35 62 4
35 63 10
35 64 9
35 65 1
35 66 2
35 67 0
35 68 0
35 69 7
35 70 2
35 71 4
35 72 0
35 73 0
35 74 0
35 75 4
35 76 0
35 77 3
35 78 9
35 79 0
35 80 7
35 81 0
35 82 6
35 83 3
35 84 4
35 85 5
35 86 7
35 87 0
35 88 0
35 89 0
35 90 9
35 91 3
35 92 1
35 93 7
35 94 0
35 95 0
35 96 8
35 97 10
35 98 0
35 99 9
36 0 0
36 1 0
36 2 6
36 3 5
36 4 2
36 5 0
36 6 9
36 7 0
36 8 8
36 9 8
36 10 5
36 11 0
36 12 0
36 13 0
36 14 0
36 15 3
36 16 6
36 17 2
36 18 8
36 19 3
36 20 6
36 21 10
36 22 2
36 23 0
36 24 0
36 25 4
36 26 0
36 27 0
36 28 0
36 29 2
36 30 10
36 31 0
36 32 2
36 33 2
36 34 0
36 35 0
36 36 0
36 37 9
36 38 8
36 39 9
36 40 9
36 41 0
36 42 10
36 43 0
36 44 0
36 45 1
36 46 0
36 47 7
36 48 0
36 49 9
36 50 0
36 51 1
36 52 0
36 53 7
36 54 4
36 55 0
36 56 0
36 57 0
36 58 5
36 59 0
36 60 6
36 61 9
36 62 5
36 63 5
36 64 8
36 65 1
36 66 10
36 67 1
36 68 1
36 69 0
36 70 0
36 71 0
36 72 6
36 73 10
36 74 5
36 75 4
36 76 9
36 77 2
36 78 10
36 79 5
36 80 6
36 81 0
36 82 5
36 83 8
36 84 1
36 85 2
36 86 0
36 87 0
36 88 9
36 89 3
36 90 5
36 91 0
36 92 9
36 93 4
36 94 8
36 95 7
36 96 4
36 97 9
36 98 9
36 99 2
37 0 1
37 1 10
37 2 7
37 3 0
37 4 0
37 5 8
37 6 0
37 7 5
37 8 8
37 9 0
37 10 9
37 11 8
37 12 5
37 13 8
37 14 0
37 15 10
37 16 1
37 17 0
37 18 0
37 19 3
37 20 0
37 21 8
37 22 2
37 23 1
37 24 0
37 25 0
37 26 7
37 27 6
37 28 1
37 29 0
37 30 0
37 31 0
37 32 6
37 33 8
37 34 3
37 35 0
37 36 9
37 37 0
37 38 0
37 39 0
37 40 3
37 41 4
37 42 0
37 43 4
37 44 0
37 45 4
37 46 10
37 47 1
37 48 0
37 49 5
37 50 0
37 51 7
37 52 0
37 53 0
37 54 6
37 55 7
37 56 6
37 57 3
37 58 4
37 59 3
37 60 5
37 61 0
37 62 1
37 63 2
37 64 0
37 65 4
37 66 0
37 67 3
37 68 0
37 69 0
37 70 0
37 71 8
37 72 1
37 73 5
37 74 0
37 75 5
37 76 2
37 77 5
37 78 2
37 79 2
37 80 0
37 81 0
37 82 6
37 83 3
37 84 2
37 85 7
37 86 8
37 87 0
37 88 0
37 89 8
37 90 0
37 91 5
37 92 3
37 93 6
37 94 0
37 95 0
37 96 2
37 97 0
37 98 0
37 99 3
38 0 0
38 1 4
38 2 0
38 3 4
38 4 7
38 5 0
38 6 0
38 7 0
38 8 0
38 9 0
38 10 3
38 11 0
38 12 4
38 13 9
38 14 0
38 15 7
38 16 9
38 17 0
38 18 8
38 19 5
38 20 0
38 21 0
38 22 9
38 23 5
38 24 2
38 25 0
38 26 10
38 27 0
38 28 3
38 29 0
38 30 9
38 31 1
38 32 0
38 33 1
38 34 8
38 35 10
38 36 8
38 37 0
38 38 0
38 39 0
38 40 0
38 41 5
38 42 0
38 43 4
38 44 0
38 45 0
38 46 5
38 47 3
38 48 1
38 49 2
38 50 1
38 51 9
38 52 6
38 53 0
38 54 8
38 55 3
38 56 1
38 57 8
38 58 5
38 59 1
38 60 8
38 61 8
38 62 1
38 63 0
38 64 1
38 65 0
38 66 7
38 67 7
38 68 9
38 69 2
38 70 0
38 71 3
38 72 0
38 73 1
38 74 1
38 75 5
38 76 0
38 77 8
38 78 9
38 79 0
38 80 2
38 81 0
38 82 0
38 83 0
38 84 9
38 85 2
38 86 0
38 87 0
38 88 0
38 89 0
38 90 0
38 91 0
38 92 7
38 93 6
38 94 6
38 95 7
38 96 4
38 97 0
38 98 5
38 99 0
39 0 0
39 1 0
39 2 9
39 3 0
39 4 10
39 5 0
39 6 0
39 7 3
39 8 8
39 9 3
39 10 3
39 11 0
39 12 0
39 13 0
39 14 10
39 15 4
39 16 0
39 17 0
39 18 0
39 19 9
39 20 0
39 21 3
39 22 8
39 23 0
39 24 3
39 25 2
39 26 3
39 27 2
39 28 7
39 29 0
39 30 0
39 31 0
39 32 0
39 33 6
39 34 2
39 35 10
39 36 9
39 37 0
39 38 0
39 39 0
39 40 4
39 41 0
39 42 7
39 43 10
39 44 3
39 45 1
39 46 3
39 47 9
39 48 5
39 49 6
39 50 4
39 51 8
39 52 9
39 53 7
39 54 2
39 55 0
39 56 0
39 57 6
39 58 2
39 59 0
39 60 5
39 61 0
39 62 10
39 63 0
39 64 8
39 65 0
39 66 0
39 67 0
39 68 8
39 69 9
39 70 9
39 71 10
39 72 2
39 73 6
39 74 0
39 75 3
39 76 0
39 77 1
39 78 10
39 79 0
39 80 0
39 81 0
39 82 0
39 83 0
39 84 4
39 85 0
39 86 7
39 87 0
39 88 0
39 89 7
39 90 0
39 91 3
39 92 0
39 93 0
39 94 0
39 95 1
39 96 9
39 97 0
39 98 0
39 99 2
40 0 0
40 1 0
40 2 10
40 3 8
40 4 0
40 5 0
40 6 10
40 7 0
40 8 10
40 9 0
40 10 8
40 11 0
40 12 3
40 13 2
40 14 6
40 15 0
40 16 0
40 17 0
40 18 2
40 19 0
40 20 0
40 21 6
40 22 9
40 23 0
40 24 0
40 25 8
40 26 9
40 27 3
40 28 1
40 29 9
40 30 7
40 31 0
40 32 10
40 33 0
40 34 0
40 35 7
40 36 9
40 37 3
40 38 0
40 39 4
40 40 0
40 41 2
40 42 0
40 43 0
40 44 8
40 45 0
40 46 3
40 47 2
40 48 0
40 49 3
40 50 3
40 51 0
40 52 2
40 53 7
40 54 5
40 55 0
40 56 7
40 57 9
40 58 0
40 59 10
40 60 4
40 61 0
40 62 0
40 63 0
40 64 7
40 65 0
40 66 0
40 67 0
40 68 0
40 69 6
40 70 5
40 71 0
40 72 1
40 73 9
40 74 2
40 75 6
40 76 8
40 77 1
40 78 5
40 79 2
40 80 10
40 81 0
40 82 3
40 83 0
40 84 0
40 85 0
40 86 1
40 87 1
40 88 0
40 89 0
40 90 10
40 91 5
40 92 3
40 93 7
40 94 9
40 95 2
40 96 9
40 97 10
40 98 7
40 99 8
41 0 7
41 1 7
41 2 0
41 3 8
41 4 6
41 5 2
41 6 10
41 7 0
41 8 4
41 9 3
41 10 10
41 11 1
41 12 0
41 13 4
41 14 7
41 15 0
41 16 0
41 17 0
41 18 1
41 19 1
41 20 4
41 21 0
41 22 0
41 23 0
41 24 0
41 25 0
41 26 9
41 27 0
41 28 0
41 29 0
41 30 8
41 31 8
41 32 0
41 33 1
41 34 9
41 35 4
41 36 0
41 37 4
41 38 5
41 39 0
41 40 2
41 41 0
41 42 6
41 43 0
41 44 0
41 45 1
41 46 0
41 47 0
41 48 2
41 49 0
41 50 9
41 51 0
41 52 10
41 53 9
41 54 4
41 55 0
41 56 0
41 57 6
41 58 0
41 59 8
41 60 1
41 61 7
41 62 5
41 63 7
41 64 0
41 65 2
41 66 9
41 67 4
41 68 8
41 69 0
41 70 0
41 71 9
41 72 0
41 73 3
41 74 7
41 75 3
41 76 6
41 77 0
41 78 8
41 79 0
41 80 8
41 81 0
41 82 2
41 83 6
41 84 4
41 85 9
41 86 2
41 87 0
41 88 3
41 89 3
41 90 5
41 91 1
41 92 0
41 93 0
41 94 0
41 95 0
41 96 0
41 97 0
41 98 2
41 99 9
42 0 7
42 1 1
42 2 2
42 3 5
42 4 6
42 5 5
42 6 3
42 7 0
42 8 7
42 9 0
42 10 0
42 11 2
42 12 10
42 13 5
42 14 6
42 15 5
42 16 8
42 17 8
42 18 9
42 19 8
42 20 0
42 21 4
42 22 1
42 23 0
42 24 0
42 25 0
42 26 0
42 27 0
42 28 4
42 29 9
42 30 3
42 31 7
42 32 10
42 33 7
42 34 8
42 35 6
42 36 10
42 37 0
42 38 0
42 39 7
42 40 0
42 41 6
42 42 0
42 43 6
42 44 0
42 45 0
42 46 9
42 47 0
42 48 2
42 49 0
42 50 7
42 51 9
42 52 8
42 53 3
42 54 0
42 55 3
42 56 5
42 57 8
42 58 0
42 59 8
42 60 4
42 61 3
42 62 0
42 63 0
42 64 8
42 65 0
42 66 8
42 67 2
42 68 0
42 69 0
42 70 4
42 71 0
42 72 5
42 73 8
42 74 3
42 75 10
42 76 1
42 77 5
42 78 5
42 79 4
42 80 4
42 81 7
42 82 9
42 83 0
42 84 0
42 85 8
42 86 2
42 87 6
42 88 0
42 89 1
42 90 3
42 91 10
42 92 0
42 93 5
42 94 0
42 95 0
42 96 7
42 97 9
42 98 10
42 99 7
43 0 0
43 1 3
43 2 5
43 3 0
43 4 0
43 5 0
43 6 0
43 7 2
43 8 10
43 9 6
43 10 1
43 11 8
43 12 0
43 13 0
43 14 0
43 15 9
43 16 0
43 17 1
43 18 0
43 19 0
43 20 4
43 21 1
43 22 0
43 23 0
43 24 0
43 25 0
43 26 1
43 27 2
43 28 6
43 29 8
43 30 0
43 31 0
43 32 10
43 33 3
43 34 8
43 35 1
43 36 0
43 37 4
43 38 4
43 39 10
43 40 0
43 41 0
43 42 6
43 43 0
43 44 8
43 45 7
43 46 4
43 47 0
43 48 6
43 49 7
43 50 0
43 51 10
43 52 0
43 53 4
43 54 0
43 55 3
43 56 4
43 57 4
43 58 0
43 59 0
43 60 0
43 61 10
43 62 0
43 63 0
43 64 2
43 65 9
43 66 10
43 67 0
43 68 0
43 69 0
43 70 9
43 71 0
43 72 4
43 73 0
43 74 2
43 75 6
43 76 0
43 77 0
43 78 9
43 79 7
43 80 8
43 81 1
43 82 0
43 83 0
43 84 1
43 85 1
43 86 0
43 87 9
43 88 2
43 89 1
43 90 0
43 91 9
43 92 1
43 93 7
43 94 9
43 95 10
43 96 1
43 97 10
43 98 0
43 99 4
44 0 4
44 1 10
44 2 3
44 3 6
44 4 0
44 5 0
44 6 6
44 7 9
44 8 7
44 9 1
44 10 1
44 11 0
44 12 4
44 13 1
44 14 5
44 15 3
44 16 7
44 17 9
44 18 0
44 19 5
44 20 0
44 21 10
44 22 8
44 23 3
44 24 6
44 25 0
44 26 1
44 27 4
44 28 2
44 29 6
44 30 0
44 31 1
44 32 7
44 33 0
44 34 10
44 35 2
44 36 0
44 37 0
44 38 0
44 39 3
44 40 8
44 41 0
44 42 0
44 43 8
44 44 0
44 45 9
44 46 0
44 47 0
44 48 3
44 49 7
44 50 0
44 51 4
44 52 9
44 53 0
44 54 0
44 55 10
44 56 0
44 57 7
44 58 0
44 59 0
44 60 0
44 61 10
44 62 1
44 63 0
44 64 0
44 65 0
44 66 0
44 67 3
44 68 9
44 69 0
44 70 1
44 71 4
44 72 5
44 73 10
44 74 3
44 75 2
44 76 0
44 77 8
44 78 7
44 79 4
44 80 3
44 81 1
44 82 0
44 83 0
44 84 0
44 85 0
44 86 4
44 87 6
44 88 0
44 89 0
44 90 9
44 91 9
44 92 0
44 93 8
44 94 0
44 95 7
44 96 0
44 97 0
44 98 0
44 99 0
45 0 0
45 1 0
45 2 0
45 3 8
45 4 2
45 5 10
45 6 7
45 7 0
45 8 3
45 9 4
45 10 8
45 11 0
45 12 0
45 13 0
45 14 9
45 15 5
45 16 9
45 17 0
45 18 8
45 19 9
45 20 0
45 21 1
45 22 10
45 23 3
45 24 3
45 25 2
45 26 0
45 27 10
45 28 4
45 29 9
45 30 5
45 31 9
45 32 8
45 33 7
45 34 2
45 35 0
45 36 1
45 37 4
45 38 0
45 39 1
45 40 0
45 41 1
45 42 0
45 43 7
45 44 9
45 45 0
45 46 0
45 47 0
45 48 0
45 49 1
45 50 6
45 51 1
45 52 9
45 53 2
45 54 2
45 55 3
45 56 2
45 57 0
45 58 6
45 59 9
45 60 2
45 61 5
45 62 5
45 63 2
45 64 0
45 65 8
45 66 7
45 67 9
45 68 8
45 69 9
45 70 9
45 71 5
45 72 0
45 73 0
45 74 0
45 75 0
45 76 0
45 77 4
45 78 8
45 79 6
45 80 3
45 81 2
45 82 1
45 83 0
45 84 1
45 85 8
45 86 0
45 87 0
45 88 0
45 89 0
45 90 0
45 91 0
45 92 0
45 93 10
45 94 10
45 95 8
45 96 7
45 97 0
45 98 10
45 99 4
46 0 5
46 1 3
46 2 10
46 3 9
46 4 8
46 5 2
46 6 0
46 7 0
46 8 0
46 9 3
46 10 3
46 11 8
46 12 0
46 13 0
46 14 0
46 15 1
46 16 0
46 17 5
46 18 6
46 19 2
46 20 0
46 21 2
46 22 7
46 23 0
46 24 5
46 25 0
46 26 0
46 27 5
46 28 10
46 29 1
46 30 3
46 31 0
46 32 1
46 33 10
46 34 6
46 35 9
46 36 0
46 37 10
46 38 5
46 39 3
46 40 3
46 41 0
46 42 9
46 43 4
46 44 0
46 45 0
46 46 0
46 47 4
46 48 0
46 49 0
46 50 0
46 51 3
46 52 1
46 53 0
46 54 0
46 55 3
46 56 4
46 57 8
46 58 8
46 59 6
46 60 0
46 61 2
46 62 9
46 63 0
46 64 4
46 65 5
46 66 7
46 67 0
46 68 0
46 69 5
46 70 1
46 71 0
46 72 4
46 73 5
46 74 0
46 75 3
46 76 0
46 77 0
46 78 3
46 79 0
46 80 7
46 81 2
46 82 0
46 83 0
46 84 0
46 85 0
46 86 0
46 87 2
46 88 9
46 89 0
46 90 0
46 91 0
46 92 5
46 93 6
46 94 0
46 95 8
46 96 10
46 97 3
46 98 0
46 99 10
47 0 1
47 1 0
47 2 0
47 3 1
47 4 0
47 5 6
47 6 9
47 7 0
47 8 10
47 9 0
47 10 6
47 11 5
47 12 9
47 13 0
47 14 2
47 15 9
47 16 0
47 17 6
47 18 8
47 19 5
47 20 10
47 21 0
47 22 2
47 23 7
47 24 0
47 25 6
47 26 0
47 27 4
47 28 1
47 29 0
47 30 0
47 31 0
47 32 0
47 33 0
47 34 8
47 35 5
47 36 7
47 37 1
47 38 3
47 39 9
47 40 2
47 41 0
47 42 0
47 43 0
47 44 0
47 45 0
47 46 4
47 47 0
47 48 8
47 49 0
47 50 6
47 51 0
47 52 4
47 53 0
47 54 4
47 55 8
47 56 0
47 57 3
47 58 4
47 59 1
47 60 10
47 61 6
47 62 0
47 63 1
47 64 9
47 65 6
47 66 1
47 67 0
47 68 3
47 69 7
47 70 0
47 71 0
47 72 4
47 73 7
47 74 2
47 75 0
47 76 1
47 77 8
47 78 4
47 79 10
47 80 0
47 81 0
47 82 8
47 83 9
47 84 0
47 85 7
47 86 8
47 87 0
47 88 0
47 89 6
47 90 6
47 91 0
47 92 9
47 93 4
47 94 7
47 95 0
47 96 4
47 97 0
47 98 10
47 99 0
48 0 9
48 1 6
48 2 0
48 3 9
48 4 8
48 5 5
48 6 4
48 7 10
48 8 3
48 9 2
48 10 9
48 11 7
48 12 6
48 13 8
48 14 6
48 15 10
48 16 0
48 17 8
48 18 2
48 19 0
48 20 0
48 21 0
48 22 2
48 23 9
48 24 7
48 25 2
48 26 5
48 27 7
48 28 1
48 29 3
48 30 1
48 31 0
48 32 3
48 33 2
48 34 9
48 35 7
48 36 0
48 37 0
48 38 1
48 39 5
48 40 0
48 41 2
48 42 2
48 43 6
48 44 3
48 45 0
48 46 0
48 47 8
48 48 0
48 49 1
48 50 0
48 51 0
48 52 0
48 53 0
48 54 6
48 55 1
48 56 7
48 57 10
48 58 2
48 59 3
48 60 3
48 61 8
48 62 4
48 63 8
48 64 0
48 65 0
48 66 0
48 67 0
48 68 2
48 69 9
48 70 0
48 71 10
48 72 0
48 73 9
48 74 6
48 75 8
48 76 8
48 77 0
48 78 1
48 79 4
48 80 0
48 81 10
48 82 1
48 83 6
48 84 0
48 85 1
48 86 0
48 87 0
48 88 7
48 89 9
48 90 2
48 91 2
48 92 0
48 93 6
48 94 6
48 95 5
48 96 8
48 97 8
48 98 0
48 99 0
49 0 6
49 1 0
49 2 10
49 3 6
49 4 0
49 5 8
49 6 0
49 7 1
49 8 0
49 9 10
49 10 5
49 11 4
49 12 3
49 13 7
49 14 2
49 15 1
49 16 5
49 17 6
49 18 0
49 19 4
49 20 6
49 21 0
49 22 0
49 23 2
49 24 0
49 25 0
49 26 5
49 27 9
49 28 0
49 29 4
49 30 0
49 31 0
49 32 6
49 33 0
49 34 0
49 35 0
49 36 9
49 37 5
49 38 2
49 39 6
49 40 3
49 41 0
49 42 0
49 43 7
49 44 7
49 45 1
49 46 0
49 47 0
49 48 1
49 49 0
49 50 10
49 51 0
49 52 0
49 53 9
49 54 0
49 55 0
49 56 0
49 57 2
49 58 0
49 59 5
49 60 8
49 61 0
49 62 0
49 63 4
49 64 3
49 65 0
49 66 10
49 67 4
49 68 5
49 69 0
49 70 0
49 71 4
49 72 0
49 73 9
49 74 0
49 75 6
49 76 6
49 77 8
49 78 3
49 79 4
49 80 0
49 81 10
49 82 10
49 83 2
49 84 6
49 85 3
49 86 4
49 87 6
49 88 6
49 89 0
49 90 6
49 91 5
49 92 8
49 93 10
49 94 10
49 95 1
49 96 3
49 97 0
49 98 0
49 99 7
50 0 0
50 1 5
50 2 4
50 3 0
50 4 7
50 5 1
50 6 3
50 7 4
50 8 1
50 9 9
50 10 5
50 11 3
50 12 3
50 13 5
50 14 10
50 15 9
50 16 1
50 17 0
50 18 10
50 19 0
50 20 7
50 21 0
50 22 0
50 23 3
50 24 0
50 25 0
50 26 10
50 27 0
50 28 0
50 29 8
50 30 2
50 31 6
50 32 4
50 33 7
50 34 8
50 35 1
50 36 0
50 37 0
50 38 1
50 39 4
50 40 3
50 41 9
50 42 7
50 43 0
50 44 0
50 45 6
50 46 0
50 47 6
50 48 0
50 49 10
50 50 0
50 51 0
50 52 7
50 53 0
50 54 0
50 55 6
50 56 10
50 57 9
50 58 10
50 59 0
50 60 0
50 61 1
50 62 0
50 63 2
50 64 0
50 65 8
50 66 0
50 67 0
50 68 9
50 69 0
50 70 1
50 71 4
50 72 10
50 73 4
50 74 0
50 75 0
50 76 7
50 77 4
50 78 0
50 79 1
50 80 1
50 81 0
50 82 6
50 83 6
50 84 6
50 85 0
50 86 9
50 87 0
50 88 6
50 89 0
50 90 7
50 91 8
50 92 0
50 93 0
50 94 1
50 95 3
50 96 6
50 97 0
50 98 0
50 99 8
51 0 7
51 1 1
51 2 7
51 3 5
51 4 7
51 5 0
51 6 0
51 7 0
51 8 7
51 9 8
51 10 0
51 11 9
51 12 3
51 13 0
51 14 10
51 15 0
51 16 5
51 17 5
51 18 0
51 19 2
51 20 0
51 21 4
51 22 6
51 23 2
51 24 7
51 25 5
51 26 1
51 27 0
51 28 4
51 29 0
51 30 8
51 31 0
51 32 0
51 33 9
51 34 0
51 35 8
51 36 1
51 37 7
51 38 9
51 39 8
51 40 0
51 41 0
51 42 9
51 43 10
51 44 4
51 45 1
51 46 3
51 47 0
51 48 0
51 49 0
51 50 0
51 51 0
51 52 8
51 53 10
51 54 2
51 55 10
51 56 9
51 57 0
51 58 1
51 59 7
51 60 10
51 61 0
51 62 0
51 63 0
51 64 0
51 65 0
51 66 0
51 67 5
51 68 0
51 69 1
51 70 10
51 71 2
51 72 1
51 73 5
51 74 0
51 75 0
51 76 4
51 77 4
51 78 1
51 79 3
51 80 0
51 81 0
51 82 4
51 83 1
51 84 0
51 85 3
51 86 4
51 87 0
51 88 7
51 89 0
51 90 0
51 91 6
51 92 6
51 93 7
51 94 0
51 95 5
51 96 0
51 97 10
51 98 7
51 99 9
52 0 0
52 1 5
52 2 0
52 3 2
52 4 2
52 5 6
52 6 2
52 7 0
52 8 0
52 9 5
52 10 9
52 11 2
52 12 0
52 13 0
52 14 8
52 15 0
52 16 10
52 17 7
52 18 0
52 19 8
52 20 0
52 21 0
52 22 0
52 23 2
52 24 8
52 25 10
52 26 0
52 27 0
52 28 0
52 29 0
52 30 0
52 31 0
52 32 3
52 33 1
52 34 6
52 35 0
52 36 0
52 37 0
52 38 6
52 39 9
52 40 2
52 41 10
52 42 8
52 43 0
52 44 9
52 45 9
52 46 1
52 47 4
52 48 0
52 49 0
52 50 7
52 51 8
52 52 0
52 53 2
52 54 3
52 55 0
52 56 0
52 57 10
52 58 0
52 59 10
52 60 0
52 61 10
52 62 8
52 63 0
52 64 4
52 65 0
52 66 2
52 67 0
52 68 7
52 69 4
52 70 6
52 71 10
52 72 10
52 73 3
52 74 5
52 75 4
52 76 0
52 77 2
52 78 8
52 79 7
52 80 0
52 81 3
52 82 0
52 83 7
52 84 3
52 85 5
52 86 7
52 87 10
52 88 0
52 89 9
52 90 7
52 91 4
52 92 2
52 93 8
52 94 5
52 95 0
52 96 3
52 97 0
52 98 4
52 99 0
53 0 6
53 1 0
53 2 0
53 3 6
53 4 1
53 5 0
53 6 3
53 7 0
53 8 0
53 9 9
53 10 0
53 11 6
53 12 7
53 13 0
53 14 2
53 15 3
53 16 0
53 17 0
53 18 7
53 19 9
53 20 2
53 21 7
53 22 3
53 23 0
53 24 0
53 25 5
53 26 9
53 27 6
53 28 0
53 29 0
53 30 10
53 31 1
53 32 0
53 33 4
53 34 9
53 35 0
53 36 7
53 37 0
53 38 0
53 39 7
53 40 7
53 41 9
53 42 3
53 43 4
53 44 0
53 45 2
53 46 0
53 47 0
53 48 0
53 49 9
53 50 0
53 51 10
53 52 2
53 53 0
53 54 5
53 55 0
53 56 0
53 57 10
53 58 0
53 59 0
53 60 8
53 61 0
53 62 0
53 63 0
53 64 3
53 65 0
53 66 10
53 67 0
53 68 7
53 69 1
53 70 0
53 71 7
53 72 9
53 73 0
53 74 0
53 75 8
53 76 2
53 77 0
53 78 1
53 79 8
53 80 7
53 81 0
53 82 3
53 83 0
53 84 0
53 85 8
53 86 0
53 87 3
53 88 5
53 89 6
53 90 1
53 91 9
53 92 7
53 93 0
53 94 6
53 95 4
53 96 0
53 97 6
53 98 8
53 99 0
54 0 5
54 1 0
54 2 0
54 3 0
54 4 6
54 5 0
54 6 0
54 7 2
54 8 9
54 9 9
54 10 0
54 11 7
54 12 2
54 13 5
54 14 5
54 15 5
54 16 5
54 17 6
54 18 5
54 19 2
54 20 1
54 21 1
54 22 2
54 23 0
54 24 4
54 25 5
54 26 7
54 27 3
54 28 7
54 29 0
54 30 0
54 31 6
54 32 7
54 33 5
54 34 0
54 35 8
54 36 4
54 37 6
54 38 8
54 39 2
54 40 5
54 41 4
54 42 0
54 43 0
54 44 0
54 45 2
54 46 0
54 47 4
54 48 6
54 49 0
54 50 0
54 51 2
54 52 3
54 53 5
54 54 0
54 55 3
54 56 0
54 57 7
54 58 10
54 59 9
54 60 1
54 61 0
54 62 0
54 63 3
54 64 4
54 65 6
54 66 4
54 67 2
54 68 6
54 69 1
54 70 0
54 71 10
54 72 6
54 73 5
54 74 0
54 75 2
54 76 8
54 77 5
54 78 8
54 79 0
54 80 7
54 81 1
54 82 0
54 83 3
54 84 4
54 85 4
54 86 0
54 87 0
54 88 2
54 89 8
54 90 9
54 91 7
54 92 0
54 93 0
54 94 9
54 95 0
54 96 0
54 97 6
54 98 7
54 99 0
55 0 1
55 1 6
55 2 1
55 3 9
55 4 7
55 5 8
55 6 10
55 7 0
55 8 0
55 9 4
55 10 6
55 11 3
55 12 0
55 13 0
55 14 10
55 15 9
55 16 0
55 17 1
55 18 0
55 19 9
55 20 0
55 21 3
55 22 10
55 23 0
55 24 1
55 25 5
55 26 1
55 27 1
55 28 1
55 29 1
55 30 10
55 31 2
55 32 0
55 33 0
55 34 4
55 35 4
55 36 0
55 37 7
55 38 3
55 39 0
55 40 0
55 41 0
55 42 3
55 43 3
55 44 10
55 45 3
55 46 3
55 47 8
55 48 1
55 49 0
55 50 6
55 51 10
55 52 0
55 53 0
55 54 3
55 55 0
55 56 1
55 57 10
55 58 0
55 59 0
55 60 6
55 61 4
55 62 0
55 63 1
55 64 5
55 65 8
55 66 0
55 67 9
55 68 0
55 69 9
55 70 0
55 71 3
55 72 2
55 73 6
55 74 6
55 75 0
55 76 9
55 77 9
55 78 0
55 79 2
55 80 6
55 81 8
55 82 8
55 83 0
55 84 9
55 85 10
55 86 0
55 87 10
55 88 3
55 89 2
55 90 0
55 91 9
55 92 7
55 93 0
55 94 8
55 95 1
55 96 6
55 97 4
55 98 0
55 99 4
56 0 9
56 1 0
56 2 5
56 3 5
56 4 9
56 5 0
56 6 0
56 7 9
56 8 0
56 9 2
56 10 0
56 11 0
56 12 1
56 13 0
56 14 8
56 15 4
56 16 7
56 17 7
56 18 6
56 19 5
56 20 10
56 21 0
56 22 3
56 23 8
56 24 0
56 25 9
56 26 3
56 27 7
56 28 0
56 29 6
56 30 4
56 31 0
56 32 0
56 33 0
56 34 4
56 35 0
56 36 0
56 37 6
56 38 1
56 39 0
56 40 7
56 41 0
56 42 5
56 43 4
56 44 0
56 45 2
56 46 4
56 47 0
56 48 7
56 49 0
56 50 10
56 51 9
56 52 0
56 53 0
56 54 0
56 55 1
56 56 0
56 57 5
56 58 8
56 59 8
56 60 0
56 61 4
56 62 0
56 63 7
56 64 0
56 65 3
56 66 0
56 67 10
56 68 0
56 69 7
56 70 3
56 71 7
56 72 0
56 73 1
56 74 1
56 75 8
56 76 6
56 77 7
56 78 0
56 79 4
56 80 0
56 81 3
56 82 6
56 83 1
56 84 3
56 85 2
56 86 3
56 87 0
56 88 10
56 89 2
56 90 0
56 91 2
56 92 2
56 93 8
56 94 8
56 95 7
56 96 1
56 97 8
56 98 0
56 99 5
57 0 0
57 1 0
57 2 0
57 3 2
57 4 10
57 5 10
57 6 0
57 7 0
57 8 8
57 9 0
57 10 0
57 11 1
57 12 8
57 13 0
57 14 0
57 15 6
57 16 0
57 17 0
57 18 0
57 19 4
57 20 0
57 21 0
57 22 0
57 23 1
57 24 9
57 25 2
57 26 5
57 27 7
57 28 0
57 29 0
57 30 0
57 31 0
57 32 2
57 33 9
57 34 5
57 35 0
57 36 0
57 37 3
57 38 8
57 39 6
57 40 9
57 41 6
57 42 8
57 43 4
57 44 7
57 45 0
57 46 8
57 47 3
57 48 10
57 49 2
57 50 9
57 51 0
57 52 10
57 53 10
57 54 7
57 55 10
57 56 5
57 57 0
57 58 2
57 59 9
57 60 7
57 61 2
57 62 3
57 63 4
57 64 4
57 65 0
57 66 0
57 67 5
57 68 0
57 69 6
57 70 9
57 71 0
57 72 1
57 73 8
57 74 0
57 75 0
57 76 9
57 77 1
57 78 8
57 79 8
57 80 2
57 81 5
57 82 10
57 83 0
57 84 7
57 85 4
57 86 5
57 87 0
57 88 0
57 89 0
57 90 0
57 91 0
57 92 10
57 93 0
57 94 7
57 95 0
57 96 0
57 97 3
57 98 6
57 99 0
58 0 9
58 1 0
58 2 2
58 3 4
58 4 4
58 5 2
58 6 0
58 7 6
58 8 0
58 9 5
58 10 7
58 11 0
58 12 8
58 13 10
58 14 7
58 15 3
58 16 0
58 17 10
58 18 1
58 19 0
58 20 0
58 21 0
58 22 8
58 23 0
58 24 0
58 25 0
58 26 7
58 27 2
58 28 10
58 29 0
58 30 7
58 31 1
58 32 3
58 33 0
58 34 8
58 35 0
58 36 5
58 37 4
58 38 5
58 39 2
58 40 0
58 41 0
58 42 0
58 43 0
58 44 0
58 45 6
58 46 8
58 47 4
58 48 2
58 49 0
58 50 10
58 51 1
58 52 0
58 53 0
58 54 10
58 55 0
58 56 8
58 57 2
58 58 0
58 59 0
58 60 0
58 61 4
58 62 6
58 63 8
58 64 2
58 65 6
58 66 0
58 67 7
58 68 1
58 69 0
58 70 0
58 71 3
58 72 0
58 73 8
58 74 4
58 75 10
58 76 0
58 77 0
58 78 1
58 79 4
58 80 8
58 81 0
58 82 8
58 83 0
58 84 10
58 85 0
58 86 7
58 87 8
58 88 3
58 89 5
58 90 8
58 91 0
58 92 0
58 93 8
58 94 0
58 95 8
58 96 2
58 97 7
58 98 5
58 99 0
59 0 0
59 1 0
59 2 8
59 3 0
59 4 2
59 5 0
59 6 1
59 7 6
59 8 2
59 9 2
59 10 0
59 11 3
59 12 5
59 13 0
59 14 0
59 15 0
59 16 0
59 17 0
59 18 2
59 19 2
59 20 0
59 21 8
59 22 9
59 23 10
59 24 0
59 25 0
59 26 8
59 27 0
59 28 1
59 29 0
59 30 2
59 31 10
59 32 7
59 33 0
59 34 2
59 35 8
59 36 0
59 37 3
59 38 1
59 39 0
59 40 10
59 41 8
59 42 8
59 43 0
59 44 0
59 45 9
59 46 6
59 47 1
59 48 3
59 49 5
59 50 0
59 51 7
59 52 10
59 53 0
59 54 9
59 55 0
59 56 8
59 57 9
59 58 0
59 59 0
59 60 0
59 61 1
59 62 7
59 63 0
59 64 10
59 65 5
59 66 8
59 67 3
59 68 9
59 69 0
59 70 1
59 71 2
59 72 0
59 73 4
59 74 0
59 75 0
59 76 8
59 77 2
59 78 7
59 79 4
59 80 5
59 81 0
59 82 0
59 83 0
59 84 6
59 85 0
59 86 0
59 87 3
59 88 2
59 89 0
59 90 0
59 91 10
59 92 0
59 93 0
59 94 4
59 95 0
59 96 3
59 97 2
59 98 5
59 99 5
60 0 3
60 1 0
60 2 6
60 3 6
60 4 10
60 5 0
60 6 5
60 7 2
60 8 0
60 9 9
60 10 0
60 11 7
60 12 0
60 13 7
60 14 0
60 15 0
60 16 2
60 17 0
60 18 0
60 19 6
60 20 4
60 21 0
60 22 3
60 23 0
60 24 1
60 25 5
60 26 4
60 27 3
60 28 9
60 29 1
60 30 0
60 31 8
60 32 1
60 33 8
60 34 0
60 35 9
60 36 6
60 37 5
60 38 8
60 39 5
60 40 4
60 41 1
60 42 4
60 43 0
60 44 0
60 45 2
60 46 0
60 47 10
60 48 3
60 49 8
60 50 0
60 51 10
60 52 0
60 53 8
60 54 1
60 55 6
60 56 0
60 57 7
60 58 0
60 59 0
60 60 0
60 61 0
60 62 4
60 63 4
60 64 10
60 65 8
60 66 2
60 67 9
60 68 9
60 69 0
60 70 9
60 71 0
60 72 0
60 73 2
60 74 4
60 75 0
60 76 0
60 77 9
60 78 0
60 79 8
60 80 0
60 81 1
60 82 5
60 83 1
60 84 2
60 85 10
60 86 0
60 87 4
60 88 10
60 89 10
60 90 0
60 91 9
60 92 7
60 93 0
60 94 0
60 95 0
60 96 6
60 97 8
60 98 4
60 99 0
61 0 8
61 1 8
61 2 1
61 3 2
61 4 2
61 5 0
61 6 6
61 7 0
61 8 8
61 9 9
61 10 9
61 11 4
61 12 6
61 13 6
61 14 6
61 15 8
61 16 7
61 17 3
61 18 10
61 19 0
61 20 7
61 21 2
61 22 0
61 23 5
61 24 9
61 25 0
61 26 5
61 27 5
61 28 7
61 29 4
61 30 7
61 31 2
61 32 1
61 33 6
61 34 0
61 35 4
61 36 9
61 37 0
61 38 8
61 39 0
61 40 0
61 41 7
61 42 3
61 43 10
61 44 10
61 45 5
61 46 2
61 47 6
61 48 8
61 49 0
61 50 1
61 51 0
61 52 10
61 53 0
61 54 0
61 55 4
61 56 4
61 57 2
61 58 4
61 59 1
61 60 0
61 61 0
61 62 8
61 63 1
61 64 6
61 65 0
61 66 10
61 67 7
61 68 9
61 69 7
61 70 7
61 71 4
61 72 9
61 73 0
61 74 0
61 75 0
61 76 4
61 77 0
61 78 0
61 79 3
61 80 0
61 81 0
61 82 1
61 83 10
61 84 8
61 85 7
61 86 0
61 87 0
61 88 7
61 89 0
61 90 8
61 91 7
61 92 0
61 93 4
61 94 8
61 95 2
61 96 0
61 97 0
61 98 0
61 99 0
62 0 3
62 1 0
62 2 0
62 3 0
62 4 5
62 5 3
62 6 0
62 7 0
62 8 7
62 9 0
62 10 0
62 11 0
62 12 1
62 13 9
62 14 10
62 15 2
62 16 9
62 17 9
62 18 4
62 19 7
62 20 0
62 21 0
62 22 0
62 23 0
62 24 0
62 25 7
62 26 0
62 27 0
62 28 4
62 29 1
62 30 7
62 31 0
62 32 0
62 33 0
62 34 6
62 35 4
62 36 5
62 37 1
62 38 1
62 39 10
62 40 0
62 41 5
62 42 0
62 43 0
62 44 1
62 45 5
62 46 9
62 47 0
62 48 4
62 49 0
62 50 0
62 51 0
62 52 8
62 53 0
62 54 0
62 55 0
62 56 0
62 57 3
62 58 6
62 59 7
62 60 4
62 61 8
62 62 0
62 63 1
62 64 6
62 65 0
62 66 6
62 67 0
62 68 0
62 69 7
62 70 0
62 71 4
62 72 0
62 73 0
62 74 10
62 75 10
62 76 0
62 77 3
62 78 2
62 79 3
62 80 6
62 81 0
62 82 4
62 83 6
62 84 0
62 85 5
62 86 1
62 87 2
62 88 2
62 89 4
62 90 4
62 91 8
62 92 4
62 93 7
62 94 3
62 95 0
62 96 7
62 97 0
62 98 0
62 99 0
63 0 0
63 1 2
63 2 2
63 3 2
63 4 2
63 5 0
63 6 0
63 7 5
63 8 4
63 9 10
63 10 2
63 11 4
63 12 0
63 13 0
63 14 5
63 15 6
63 16 4
63 17 0
63 18 8
63 19 6
63 20 5
63 21 9
63 22 0
63 23 6
63 24 0
63 25 2
63 26 9
63 27 5
63 28 0
63 29 5
63 30 0
63 31 0
63 32 8
63 33 5
63 34 2
63 35 10
63 36 5
63 37 2
63 38 0
63 39 0
63 40 0
63 41 7
63 42 0
63 43 0
63 44 0
63 45 2
63 46 0
63 47 1
63 48 8
63 49 4
63 50 2
63 51 0
63 52 0
63 53 0
63 54 3
63 55 1
63 56 7
63 57 4
63 58 8
63 59 0
63 60 4
63 61 1
63 62 1
63 63 0
63 64 0
63 65 0
63 66 0
63 67 0
63 68 0
63 69 0
63 70 0
63 71 0
63 72 2
63 73 3
63 74 0
63 75 6
63 76 9
63 77 4
63 78 9
63 79 9
63 80 1
63 81 0
63 82 0
63 83 0
63 84 0
63 85 0
63 86 0
63 87 9
63 88 0
63 89 1
63 90 5
63 91 9
63 92 8
63 93 9
63 94 9
63 95 6
63 96 0
63 97 10
63 98 0
63 99 6
64 0 1
64 1 1
64 2 4
64 3 10
64 4 8
64 5 2
64 6 8
64 7 7
64 8 0
64 9 9
64 10 1
64 11 6
64 12 7
64 13 6
64 14 0
64 15 2
64 16 9
64 17 9
64 18 9
64 19 0
64 20 0
64 21 0
64 22 0
64 23 5
64 24 0
64 25 3
64 26 9
64 27 10
64 28 7
64 29 1
64 30 5
64 31 9
64 32 2
64 33 9
64 34 0
64 35 9
64 36 8
64 37 0
64 38 1
64 39 8
64 40 7
64 41 0
64 42 8
64 43 2
64 44 0
64 45 0
64 46 4
64 47 9
64 48 0
64 49 3
64 50 0
64 51 0
64 52 4
64 53 3
64 54 4
64 55 5
64 56 0
64 57 4
64 58 2
64 59 10
64 60 10
64 61 6
64 62 6
64 63 0
64 64 0
64 65 0
64 66 0
64 67 1
64 68 3
64 69 0
64 70 8
64 71 7
64 72 5
64 73 9
64 74 0
64 75 3
64 76 10
64 77 7
64 78 4
64 79 1
64 80 9
64 81 2
64 82 1
64 83 1
64 84 10
64 85 8
64 86 9
64 87 5
64 88 10
64 89 10
64 90 9
64 91 10
64 92 4
64 93 0
64 94 0
64 95 9
64 96 4
64 97 0
64 98 1
64 99 3
65 0 9
65 1 6
65 2 5
65 3 0
65 4 3
65 5 0
65 6 6
65 7 4
65 8 3
65 9 0
65 10 10
65 11 4
65 12 0
65 13 1
65 14 10
65 15 0
65 16 0
65 17 7
65 18 0
65 19 0
65 20 0
65 21 0
65 22 8
65 23 9
65 24 0
65 25 0
65 26 0
65 27 0
65 28 0
65 29 10
65 30 9
65 31 4
65 32 5
65 33 0
65 34 1
65 35 1
65 36 1
65 37 4
65 38 0
65 39 0
65 40 0
65 41 2
65 42 0
65 43 9
65 44 0
65 45 8
65 46 5
65 47 6
65 48 0
65 49 0
65 50 8
65 51 0
65 52 0
65 53 0
65 54 6
65 55 8
65 56 3
65 57 0
65 58 6
65 59 5
65 60 8
65 61 0
65 62 0
65 63 0
65 64 0
65 65 0
65 66 7
65 67 0
65 68 0
65 69 6
65 70 5
65 71 10
65 72 2
65 73 1
65 74 1
65 75 0
65 76 8
65 77 0
65 78 10
65 79 0
65 80 6
65 81 0
65 82 0
65 83 5
65 84 8
65 85 5
65 86 2
65 87 8
65 88 0
65 89 0
65 90 8
65 91 1
65 92 0
65 93 0
65 94 0
65 95 7
65 96 4
65 97 0
65 98 0
65 99 4
66 0 4
66 1 3
66 2 7
66 3 1
66 4 9
66 5 3
66 6 4
66 7 0
66 8 0
66 9 10
66 10 0
66 11 0
66 12 0
66 13 0
66 14 0
66 15 4
66 16 4
66 17 0
66 18 3
66 19 9
66 20 0
66 21 0
66 22 2
66 23 1
66 24 0
66 25 5
66 26 8
66 27 0
66 28 7
66 29 0
66 30 0
66 31 3
66 32 3
66 33 5
66 34 0
66 35 2
66 36 10
66 37 0
66 38 7
66 39 0
66 40 0
66 41 9
66 42 8
66 43 10
66 44 0
66 45 7
66 46 7
66 47 1
66 48 0
66 49 10
66 50 0
66 51 0
66 52 2
66 53 10
66 54 4
66 55 0
66 56 0
66 57 0
66 58 0
66 59 8
66 60 2
66 61 10
66 62 6
66 63 0
66 64 0
66 65 7
66 66 0
66 67 9
66 68 7
66 69 0
66 70 0
66 71 3
66 72 0
66 73 4
66 74 0
66 75 0
66 76 0
66 77 10
66 78 0
66 79 0
66 80 3
66 81 0
66 82 0
66 83 7
66 84 10
66 85 9
66 86 0
66 87 2
66 88 0
66 89 0
66 90 5
66 91 2
66 92 2
66 93 0
66 94 0
66 95 2
66 96 0
66 97 1
66 98 0
66 99 0
67 0 3
67 1 0
67 2 0
67 3 5
67 4 4
67 5 0
67 6 0
67 7 5
67 8 0
67 9 0
67 10 4
67 11 6
67 12 7
67 13 5
67 14 5
67 15 9
67 16 9
67 17 2
67 18 10
67 19 0
67 20 10
67 21 9
67 22 0
67 23 5
67 24 0
67 25 5
67 26 2
67 27 0
67 28 10
67 29 4
67 30 4
67 31 3
67 32 0
67 33 0
67 34 0
67 35 0
67 36 1
67 37 3
67 38 7
67 39 0
67 40 0
67 41 4
67 42 2
67 43 0
67 44 3
67 45 9
67 46 0
67 47 0
67 48 0
67 49 4
67 50 0
67 51 5
67 52 0
67 53 0
67 54 2
67 55 9
67 56 10
67 57 5
67 58 7
67 59 3
67 60 9
67 61 7
67 62 0
67 63 0
67 64 1
67 65 0
67 66 9
67 67 0
67 68 0
67 69 0
67 70 10
67 71 5
67 72 7
67 73 0
67 74 2
67 75 2
67 76 0
67 77 0
67 78 0
67 79 0
67 80 0
67 81 2
67 82 0
67 83 0
67 84 0
67 85 8
67 86 8
67 87 9
67 88 0
67 89 0
67 90 0
67 91 0
67 92 0
67 93 4
67 94 0
67 95 5
67 96 2
67 97 0
67 98 7
67 99 3
68 0 0
68 1 7
68 2 1
68 3 0
68 4 2
68 5 7
68 6 0
68 7 9
68 8 0
68 9 8
68 10 0
68 11 2
68 12 9
68 13 4
68 14 0
68 15 1
68 16 5
68 17 0
68 18 2
68 19 0
68 20 0
68 21 0
68 22 0
68 23 9
68 24 8
68 25 4
68 26 8
68 27 1
68 28 0
68 29 3
68 30 9
68 31 2
68 32 1
68 33 2
68 34 0
68 35 0
68 36 1
68 37 0
68 38 9
68 39 8
68 40 0
68 41 8
68 42 0
68 43 0
68 44 9
68 45 8
68 46 0
68 47 3
68 48 2
68 49 5
68 50 9
68 51 0
68 52 7
68 53 7
68 54 6
68 55 0
68 56 0
68 57 0
68 58 1
68 59 9
68 60 9
68 61 9
68 62 0
68 63 0
68 64 3
68 65 0
68 66 7
68 67 0
68 68 0
68 69 0
68 70 0
68 71 0
68 72 0
68 73 0
68 74 0
68 75 0
68 76 4
68 77 2
68 78 10
68 79 0
68 80 3
68 81 1
68 82 0
68 83 0
68 84 0
68 85 0
68 86 4
68 87 0
68 88 0
68 89 1
68 90 9
68 91 0
68 92 1
68 93 6
68 94 7
68 95 0
68 96 9
68 97 0
68 98 0
68 99 3
69 0 7
69 1 2
69 2 9
69 3 9
69 4 9
69 5 7
69 6 6
69 7 0
69 8 4
69 9 0
69 10 7
69 11 0
69 12 10
69 13 0
69 14 0
69 15 10
69 16 1
69 17 0
69 18 5
69 19 0
69 20 0
69 21 2
69 22 0
69 23 0
69 24 6
69 25 0
69 26 3
69 27 10
69 28 6
69 29 0
69 30 0
69 31 9
69 32 0
69 33 5
69 34 6
69 35 7
69 36 0
69 37 0
69 38 2
69 39 9
69 40 6
69 41 0
69 42 0
69 43 0
69 44 0
69 45 9
69 46 5
69 47 7
69 48 9
69 49 0
69 50 0
69 51 1
69 52 4
69 53 1
69 54 1
69 55 9
69 56 7
69 57 6
69 58 0
69 59 0
69 60 0
69 61 7
69 62 7
69 63 0
69 64 0
69 65 6
69 66 0
69 67 0
69 68 0
69 69 0
69 70 0
69 71 0
69 72 0
69 73 0
69 74 9
69 75 8
69 76 0
69 77 8
69 78 9
69 79 0
69 80 0
69 81 8
69 82 5
69 83 0
69 84 0
69 85 0
69 86 10
69 87 6
69 88 9
69 89 10
69 90 1
69 91 0
69 92 5
69 93 2
69 94 10
69 95 8
69 96 0
69 97 4
69 98 9
69 99 1
70 0 8
70 1 5
70 2 0
70 3 0
70 4 5
70 5 0
70 6 0
70 7 0
70 8 1
70 9 5
70 10 3
70 11 8
70 12 8
70 13 0
70 14 10
70 15 0
70 16 8
70 17 0
70 18 0
70 19 0
70 20 0
70 21 10
70 22 8
70 23 6
70 24 9
70 25 0
70 26 0
70 27 0
70 28 8
70 29 7
70 30 0
70 31 9
70 32 9
70 33 5
70 34 0
70 35 2
70 36 0
70 37 0
70 38 0
70 39 9
70 40 5
70 41 0
70 42 4
70 43 9
70 44 1
70 45 9
70 46 1
70 47 0
70 48 0
70 49 0
70 50 1
70 51 10
70 52 6
70 53 0
70 54 0
70 55 0
70 56 3
70 57 9
70 58 0
70 59 1
70 60 9
70 61 7
70 62 0
70 63 0
70 64 8
70 65 5
70 66 0
70 67 10
70 68 0
70 69 0
70 70 0
70 71 0
70 72 1
70 73 0
70 74 0
70 75 10
70 76 0
70 77 0
70 78 0
70 79 1
70 80 10
70 81 0
70 82 5
70 83 0
70 84 0
70 85 0
70 86 6
70 87 0
70 88 2
70 89 2
70 90 7
70 91 7
70 92 1
70 93 0
70 94 10
70 95 3
70 96 2
70 97 0
70 98 0
70 99 0
71 0 0
71 1 8
71 2 10
71 3 10
71 4 5
71 5 6
71 6 10
71 7 1
71 8 8
71 9 0
71 10 0
71 11 3
71 12 5
71 13 0
71 14 1
71 15 0
71 16 0
71 17 1
71 18 0
71 19 6
71 20 1
71 21 0
71 22 2
71 23 7
71 24 9
71 25 4
71 26 4
71 27 2
71 28 0
71 29 4
71 30 5
71 31 10
71 32 10
71 33 3
71 34 9
71 35 4
71 36 0
71 37 8
71 38 3
71 39 10
71 40 0
71 41 9
71 42 0
71 43 0
71 44 4
71 45 5
71 46 0
71 47 0
71 48 10
71 49 4
71 50 4
71 51 2
71 52 10
71 53 7
71 54 10
71 55 3
71 56 7
71 57 0
71 58 3
71 59 2
71 60 0
71 61 4
71 62 4
71 63 0
71 64 7
71 65 10
71 66 3
71 67 5
71 68 0
71 69 0
71 70 0
71 71 0
71 72 0
71 73 6
71 74 0
71 75 8
71 76 2
71 77 8
71 78 0
71 79 7
71 80 0
71 81 7
71 82 7
71 83 8
71 84 7
71 85 4
71 86 0
71 87 3
71 88 1
71 89 3
71 90 0
71 91 0
71 92 8
71 93 3
71 94 4
71 95 0
71 96 2
71 97 0
71 98 2
71 99 0
72 0 0
72 1 0
72 2 1
72 3 7
72 4 9
72 5 9
72 6 7
72 7 3
72 8 10
72 9 0
72 10 0
72 11 0
72 12 8
72 13 0
72 14 0
72 15 0
72 16 4
72 17 0
72 18 0
72 19 0
72 20 0
72 21 3
72 22 2
72 23 0
72 24 8
72 25 0
72 26 0
72 27 4
72 28 2
72 29 0
72 30 6
72 31 0
72 32 7
72 33 0
72 34 0
72 35 0
72 36 6
72 37 1
72 38 0
72 39 2
72 40 1
72 41 0
72 42 5
72 43 4
72 44 5
72 45 0
72 46 4
72 47 4
72 48 0
72 49 0
72 50 10
72 51 1
72 52 10
72 53 9
72 54 6
72 55 2
72 56 0
72 57 1
72 58 0
72 59 0
72 60 0
72 61 9
72 62 0
72 63 2
72 64 5
72 65 2
72 66 0
72 67 7
72 68 0
72 69 0
72 70 1
72 71 0
72 72 0
72 73 7
72 74 7
72 75 0
72 76 10
72 77 9
72 78 5
72 79 1
72 80 8
72 81 1
72 82 0
72 83 0
72 84 0
72 85 10
72 86 0
72 87 3
72 88 6
72 89 0
72 90 2
72 91 9
72 92 9
72 93 0
72 94 0
72 95 2
72 96 3
72 97 0
72 98 6
72 99 1
73 0 2
73 1 0
73 2 0
73 3 8
73 4 0
73 5 10
73 6 0
73 7 7
73 8 0
73 9 0
73 10 10
73 11 0
73 12 0
73 13 6
73 14 0
73 15 6
73 16 0
73 17 2
73 18 0
73 19 2
73 20 0
73 21 10
73 22 0
73 23 0
73 24 5
73 25 0
73 26 2
73 27 2
73 28 0
73 29 5
73 30 8
73 31 4
73 32 3
73 33 4
73 34 0
73 35 0
73 36 10
73 37 5
73 38 1
73 39 6
73 40 9
73 41 3
73 42 8
73 43 0
73 44 10
73 45 0
73 46 5
73 47 7
73 48 9
73 49 9
73 50 4
73 51 5
73 52 3
73 53 0
73 54 5
73 55 6
73 56 1
73 57 8
73 58 8
73 59 4
73 60 2
73 61 0
73 62 0
73 63 3
73 64 9
73 65 1
73 66 4
73 67 0
73 68 0
73 69 0
73 70 0
73 71 6
73 72 7
73 73 0
73 74 0
73 75 0
73 76 10
73 77 4
73 78 2
73 79 5
73 80 7
73 81 10
73 82 4
73 83 3
73 84 9
73 85 9
73 86 0
73 87 5
73 88 2
73 89 0
73 90 9
73 91 0
73 92 0
73 93 0
73 94 0
73 95 1
73 96 2
73 97 0
73 98 0
73 99 9
74 0 5
74 1 8
74 2 6
74 3 3
74 4 9
74 5 4
74 6 3
74 7 9
74 8 0
74 9 2
74 10 10
74 11 0
74 12 0
74 13 0
74 14 0
74 15 0
74 16 0
74 17 0
74 18 9
74 19 1
74 20 0
74 21 9
74 22 2
74 23 0
74 24 2
74 25 4
74 26 4
74 27 8
74 28 9
74 29 0
74 30 1
74 31 4
74 32 8
74 33 0
74 34 5
74 35 0
74 36 5
74 37 0
74 38 1
74 39 0
74 40 2
74 41 7
74 42 3
74 43 2
74 44 3
74 45 0
74 46 0
74 47 2
74 48 6
74 49 0
74 50 0
74 51 0
74 52 5
74 53 0
74 54 0
74 55 6
74 56 1
74 57 0
74 58 4
74 59 0
74 60 4
74 61 0
74 62 10
74 63 0
74 64 0
74 65 1
74 66 0
74 67 2
74 68 0
74 69 9
74 70 0
74 71 0
74 72 7
74 73 0
74 74 0
74 75 5
74 76 0
74 77 0
74 78 9
74 79 0
74 80 0
74 81 5
74 82 3
74 83 10
74 84 2
74 85 0
74 86 0
74 87 5
74 88 0
74 89 0
74 90 7
74 91 2
74 92 7
74 93 0
74 94 0
74 95 0
74 96 9
74 97 2
74 98 3
74 99 0
75 0 0
75 1 0
75 2 9
75 3 6
75 4 1
75 5 10
75 6 6
75 7 0
75 8 7
75 9 7
75 10 7
75 11 8
75 12 0
75 13 0
75 14 4
75 15 0
75 16 1
75 17 2
75 18 4
75 19 0
75 20 5
75 21 10
75 22 0
75 23 10
75 24 7
75 25 5
75 26 4
75 27 0
75 28 0
75 29 0
75 30 10
75 31 8
75 32 10
75 33 6
75 34 6
75 35 4
75 36 4
75 37 5
75 38 5
75 39 3
75 40 6
75 41 3
75 42 10
75 43 6
75 44 2
75 45 0
75 46 3
75 47 0
75 48 8
75 49 6
75 50 0
75 51 0
75 52 4
75 53 8
75 54 2
75 55 0
75 56 8
75 57 0
75 58 10
75 59 0
75 60 0
75 61 0
75 62 10
75 63 6
75 64 3
75 65 0
75 66 0
75 67 2
75 68 0
75 69 8
75 70 10
75 71 8
75 72 0
75 73 0
75 74 5
75 75 0
75 76 0
75 77 0
75 78 0
75 79 6
75 80 1
75 81 6
75 82 1
75 83 0
75 84 0
75 85 5
75 86 3
75 87 1
75 88 2
75 89 0
75 90 8
75 91 0
75 92 2
75 93 3
75 94 0
75 95 6
75 96 0
75 97 0
75 98 10
75 99 10
76 0 0
76 1 0
76 2 0
76 3 1
76 4 2
76 5 4
76 6 0
76 7 1
76 8 1
76 9 2
76 10 6
76 11 2
76 12 0
76 13 7
76 14 0
76 15 5
76 16 5
76 17 2
76 18 0
76 19 0
76 20 0
76 21 0
76 22 0
76 23 0
76 24 10
76 25 0
76 26 0
76 27 0
76 28 6
76 29 4
76 30 6
76 31 4
76 32 5
76 33 3
76 34 3
76 35 0
76 36 9
76 37 2
76 38 0
76 39 0
76 40 8
76 41 6
76 42 1
76 43 0
76 44 0
76 45 0
76 46 0
76 47 1
76 48 8
76 49 6
76 50 7
76 51 4
76 52 0
76 53 2
76 54 8
76 55 9
76 56 6
76 57 9
76 58 0
76 59 8
76 60 0
76 61 4
76 62 0
76 63 9
76 64 10
76 65 8
76 66 0
76 67 0
76 68 4
76 69 0
76 70 0
76 71 2
76 72 10
76 73 10
76 74 0
76 75 0
76 76 0
76 77 0
76 78 0
76 79 4
76 80 2
76 81 3
76 82 3
76 83 0
76 84 0
76 85 0
76 86 3
76 87 0
76 88 7
76 89 8
76 90 4
76 91 6
76 92 7
76 93 0
76 94 5
76 95 7
76 96 5
76 97 0
76 98 0
76 99 8
77 0 0
77 1 6
77 2 6
77 3 0
77 4 7
77 5 0
77 6 3
77 7 4
77 8 10
77 9 7
77 10 1
77 11 7
77 12 10
77 13 10
77 14 1
77 15 0
77 16 8
77 17 0
77 18 8
77 19 0
77 20 3
77 21 4
77 22 0
77 23 1
77 24 6
77 25 0
77 26 0
77 27 10
77 28 1
77 29 7
77 30 6
77 31 0
77 32 0
77 33 3
77 34 1
77 35 3
77 36 2
77 37 5
77 38 8
77 39 1
77 40 1
77 41 0
77 42 5
77 43 0
77 44 8
77 45 4
77 46 0
77 47 8
77 48 0
77 49 8
77 50 4
77 51 4
77 52 2
77 53 0
77 54 5
77 55 9
77 56 7
77 57 1
77 58 0
77 59 2
77 60 9
77 61 0
77 62 3
77 63 4
77 64 7
77 65 0
77 66 10
77 67 0
77 68 2
77 69 8
77 70 0
77 71 8
77 72 9
77 73 4
77 74 0
77 75 0
77 76 0
77 77 0
77 78 0
77 79 0
77 80 3
77 81 4
77 82 3
77 83 3
77 84 7
77 85 0
77 86 0
77 87 4
77 88 2
77 89 9
77 90 0
77 91 5
77 92 0
77 93 0
77 94 1
77 95 3
77 96 0
77 97 4
77 98 2
77 99 10
78 0 0
78 1 9
78 2 0
78 3 7
78 4 0
78 5 2
78 6 0
78 7 4
78 8 2
78 9 1
78 10 0
78 11 0
78 12 0
78 13 0
78 14 9
78 15 3
78 16 3
78 17 0
78 18 1
78 19 0
78 20 9
78 21 9
78 22 6
78 23 0
78 24 2
78 25 4
78 26 5
78 27 5
78 28 9
78 29 0
78 30 0
78 31 9
78 32 1
78 33 6
78 34 2
78 35 9
78 36 10
78 37 2
78 38 9
78 39 10
78 40 5
78 41 8
78 42 5
78 43 9
78 44 7
78 45 8
78 46 3
78 47 4
78 48 1
78 49 3
78 50 0
78 51 1
78 52 8
78 53 1
78 54 8
78 55 0
78 56 0
78 57 8
78 58 1
78 59 7
78 60 0
78 61 0
78 62 2
78 63 9
78 64 4
78 65 10
78 66 0
78 67 0
78 68 10
78 69 9
78 70 0
78 71 0
78 72 5
78 73 2
78 74 9
78 75 0
78 76 0
78 77 0
78 78 0
78 79 7
78 80 5
78 81 7
78 82 0
78 83 8
78 84 1
78 85 0
78 86 9
78 87 7
78 88 0
78 89 2
78 90 4
78 91 4
78 92 0
78 93 0
78 94 10
78 95 0
78 96 5
78 97 10
78 98 0
78 99 8
79 0 1
79 1 8
79 2 7
79 3 4
79 4 0
79 5 6
79 6 8
79 7 10
79 8 0
79 9 0
79 10 5
79 11 0
79 12 6
79 13 8
79 14 6
79 15 3
79 16 3
79 17 3
79 18 5
79 19 3
79 20 3
79 21 2
79 22 4
79 23 9
79 24 0
79 25 10
79 26 0
79 27 0
79 28 5
79 29 7
79 30 3
79 31 3
79 32 0
79 33 6
79 34 4
79 35 0
79 36 5
79 37 2
79 38 0
79 39 0
79 40 2
79 41 0
79 42 4
79 43 7
79 44 4
79 45 6
79 46 0
79 47 10
79 48 4
79 49 4
79 50 1
79 51 3
79 52 7
79 53 8
79 54 0
79 55 2
79 56 4
79 57 8
79 58 4
79 59 4
79 60 8
79 61 3
79 62 3
79 63 9
79 64 1
79 65 0
79 66 0
79 67 0
79 68 0
79 69 0
79 70 1
79 71 7
79 72 1
79 73 5
79 74 0
79 75 6
79 76 4
79 77 0
79 78 7
79 79 0
79 80 2
79 81 7
79 82 0
79 83 10
79 84 0
79 85 10
79 86 4
79 87 4
79 88 10
79 89 6
79 90 0
79 91 4
79 92 0
79 93 0
79 94 9
79 95 0
79 96 10
79 97 10
79 98 0
79 99 7
80 0 10
80 1 10
80 2 0
80 3 9
80 4 3
80 5 0
80 6 8
80 7 0
80 8 0
80 9 0
80 10 9
80 11 4
80 12 7
80 13 0
80 14 9
80 15 0
80 16 6
80 17 8
80 18 10
80 19 0
80 20 7
80 21 2
80 22 0
80 23 3
80 24 0
80 25 0
80 26 4
80 27 2
80 28 1
80 29 0
80 30 1
80 31 6
80 32 0
80 33 5
80 34 0
80 35 7
80 36 6
80 37 0
80 38 2
80 39 0
80 40 10
80 41 8
80 42 4
80 43 8
80 44 3
80 45 3
80 46 7
80 47 0
80 48 0
80 49 0
80 50 1
80 51 0
80 52 0
80 53 7
80 54 7
80 55 6
80 56 0
80 57 2
80 58 8
80 59 5
80 60 0
80 61 0
80 62 6
80 63 1
80 64 9
80 65 6
80 66 3
80 67 0
80 68 3
80 69 0
80 70 10
80 71 0
80 72 8
80 73 7
80 74 0
80 75 1
80 76 2
80 77 3
80 78 5
80 79 2
80 80 0
80 81 2
80 82 0
80 83 7
80 84 0
80 85 8
80 86 0
80 87 7
80 88 2
80 89 4
80 90 10
80 91 0
80 92 6
80 93 0
80 94 10
80 95 0
80 96 4
80 97 8
80 98 4
80 99 4
81 0 7
81 1 6
81 2 0
81 3 0
81 4 9
81 5 9
81 6 0
81 7 1
81 8 0
81 9 9
81 10 2
81 11 8
81 12 0
81 13 5
81 14 0
81 15 5
81 16 7
81 17 0
81 18 0
81 19 0
81 20 6
81 21 8
81 22 0
81 23 6
81 24 4
81 25 3
81 26 0
81 27 0
81 28 0
81 29 0
81 30 6
81 31 9
81 32 4
81 33 0
81 34 8
81 35 0
81 36 0
81 37 0
81 38 0
81 39 0
81 40 0
81 41 0
81 42 7
81 43 1
81 44 1
81 45 2
81 46 2
81 47 0
81 48 10
81 49 10
81 50 0
81 51 0
81 52 3
81 53 0
81 54 1
81 55 8
81 56 3
81 57 5
81 58 0
81 59 0
81 60 1
81 61 0
81 62 0
81 63 0
81 64 2
81 65 0
81 66 0
81 67 2
81 68 1
81 69 8
81 70 0
81 71 7
81 72 1
81 73 10
81 74 5
81 75 6
81 76 3
81 77 4
81 78 7
81 79 7
81 80 2
81 81 0
81 82 1
81 83 6
81 84 2
81 85 10
81 86 0
81 87 10
81 88 6
81 89 6
81 90 7
81 91 0
81 92 3
81 93 5
81 94 2
81 95 3
81 96 3
81 97 0
81 98 0
81 99 4
82 0 3
82 1 10
82 2 0
82 3 0
82 4 9
82 5 0
82 6 0
82 7 0
82 8 0
82 9 1
82 10 0
82 11 8
82 12 8
82 13 0
82 14 0
82 15 6
82 16 6
82 17 0
82 18 4
82 19 0
82 20 0
82 21 10
82 22 0
82 23 0
82 24 3
82 25 4
82 26 4
82 27 7
82 28 6
82 29 8
82 30 7
82 31 3
82 32 2
82 33 9
82 34 0
82 35 6
82 36 5
82 37 6
82 38 0
82 39 0
82 40 3
82 41 2
82 42 9
82 43 0
82 44 0
82 45 1
82 46 0
82 47 8
82 48 1
82 49 10
82 50 6
82 51 4
82 52 0
82 53 3
82 54 0
82 55 8
82 56 6
82 57 10
82 58 8
82 59 0
82 60 5
82 61 1
82 62 4
82 63 0
82 64 1
82 65 0
82 66 0
82 67 0
82 68 0
82 69 5
82 70 5
82 71 7
82 72 0
82 73 4
82 74 3
82 75 1
82 76 3
82 77 3
82 78 0
82 79 0
82 80 0
82 81 1
82 82 0
82 83 0
82 84 0
82 85 0
82 86 5
82 87 9
82 88 2
82 89 0
82 90 10
82 91 5
82 92 0
82 93 2
82 94 9
82 95 7
82 96 4
82 97 0
82 98 0
82 99 0
83 0 3
83 1 1
83 2 6
83 3 0
83 4 0
83 5 0
83 6 0
83 7 6
83 8 0
83 9 9
83 10 2
83 11 0
83 12 0
83 13 6
83 14 9
83 15 0
83 16 0
83 17 0
83 18 0
83 19 0
83 20 0
83 21 6
83 22 0
83 23 5
83 24 5
83 25 8
83 26 1
83 27 4
83 28 1
83 29 4
83 30 8
83 31 8
83 32 0
83 33 0
83 34 7
83 35 3
83 36 8
83 37 3
83 38 0
83 39 0
83 40 0
83 41 6
83 42 0
83 43 0
83 44 0
83 45 0
83 46 0
83 47 9
83 48 6
83 49 2
83 50 6
83 51 1
83 52 7
83 53 0
83 54 3
83 55 0
83 56 1
83 57 0
83 58 0
83 59 0
83 60 1
83 61 10
83 62 6
83 63 0
83 64 1
83 65 5
83 66 7
83 67 0
83 68 0
83 69 0
83 70 0
83 71 8
83 72 0
83 73 3
83 74 10
83 75 0
83 76 0
83 77 3
83 78 8
83 79 10
83 80 7
83 81 6
83 82 0
83 83 0
83 84 3
83 85 4
83 86 0
83 87 5
83 88 8
83 89 1
83 90 1
83 91 8
83 92 0
83 93 2
83 94 0
83 95 1
83 96 4
83 97 1
83 98 2
83 99 2
84 0 6
84 1 0
84 2 1
84 3 0
84 4 10
84 5 0
84 6 5
84 7 0
84 8 0
84 9 9
84 10 10
84 11 0
84 12 5
84 13 10
84 14 2
84 15 0
84 16 1
84 17 0
84 18 5
84 19 10
84 20 0
84 21 0
84 22 9
84 23 0
84 24 10
84 25 6
84 26 0
84 27 6
84 28 3
84 29 0
84 30 9
84 31 7
84 32 0
84 33 9
84 34 4
84 35 4
84 36 1
84 37 2
84 38 9
84 39 4
84 40 0
84 41 4
84 42 0
84 43 1
84 44 0
84 45 1
84 46 0
84 47 0
84 48 0
84 49 6
84 50 6
84 51 0
84 52 3
84 53 0
84 54 4
84 55 9
84 56 3
84 57 7
84 58 10
84 59 6
84 60 2
84 61 8
84 62 0
84 63 0
84 64 10
84 65 8
84 66 10
84 67 0
84 68 0
84 69 0
84 70 0
84 71 7
84 72 0
84 73 9
84 74 2
84 75 0
84 76 0
84 77 7
84 78 1
84 79 0
84 80 0
84 81 2
84 82 0
84 83 3
84 84 0
84 85 0
84 86 0
84 87 2
84 88 9
84 89 0
84 90 0
84 91 7
84 92 7
84 93 8
84 94 0
84 95 8
84 96 0
84 97 6
84 98 0
84 99 8
85 0 0
85 1 2
85 2 8
85 3 2
85 4 6
85 5 0
85 6 2
85 7 0
85 8 8
85 9 8
85 10 5
85 11 3
85 12 0
85 13 10
85 14 7
85 15 1
85 16 4
85 17 8
85 18 0
85 19 10
85 20 2
85 21 4
85 22 10
85 23 9
85 24 1
85 25 0
85 26 1
85 27 0
85 28 0
85 29 4
85 30 3
85 31 10
85 32 0
85 33 0
85 34 4
85 35 5
85 36 2
85 37 7
85 38 2
85 39 0
85 40 0
85 41 9
85 42 8
85 43 1
85 44 0
85 45 8
85 46 0
85 47 7
85 48 1
85 49 3
85 50 0
85 51 3
85 52 5
85 53 8
85 54 4
85 55 10
85 56 2
85 57 4
85 58 0
85 59 0
85 60 10
85 61 7
85 62 5
85 63 0
85 64 8
85 65 5
85 66 9
85 67 8
85 68 0
85 69 0
85 70 0
85 71 4
85 72 10
85 73 9
85 74 0
85 75 5
85 76 0
85 77 0
85 78 0
85 79 10
85 80 8
85 81 10
85 82 0
85 83 4
85 84 0
85 85 0
85 86 5
85 87 2
85 88 0
85 89 0
85 90 6
85 91 9
85 92 8
85 93 0
85 94 0
85 95 0
85 96 0
85 97 6
85 98 1
85 99 0
86 0 0
86 1 7
86 2 0
86 3 10
86 4 0
86 5 5
86 6 1
86 7 3
86 8 7
86 9 9
86 10 10
86 11 10
86 12 3
86 13 3
86 14 0
86 15 0
86 16 1
86 17 8
86 18 7
86 19 2
86 20 7
86 21 7
86 22 9
86 23 0
86 24 0
86 25 0
86 26 9
86 27 4
86 28 0
86 29 5
86 30 0
86 31 0
86 32 0
86 33 5
86 34 6
86 35 7
86 36 0
86 37 8
86 38 0
86 39 7
86 40 1
86 41 2
86 42 2
86 43 0
86 44 4
86 45 0
86 46 0
86 47 8
86 48 0
86 49 4
86 50 9
86 51 4
86 52 7
86 53 0
86 54 0
86 55 0
86 56 3
86 57 5
86 58 7
86 59 0
86 60 0
86 61 0
86 62 1
86 63 0
86 64 9
86 65 2
86 66 0
86 67 8
86 68 4
86 69 10
86 70 6
86 71 0
86 72 0
86 73 0
86 74 0
86 75 3
86 76 3
86 77 0
86 78 9
86 79 4
86 80 0
86 81 0
86 82 5
86 83 0
86 84 0
86 85 5
86 86 0
86 87 0
86 88 0
86 89 2
86 90 5
86 91 6
86 92 6
86 93 1
86 94 2
86 95 1
86 96 5
86 97 7
86 98 0
86 99 0
87 0 6
87 1 0
87 2 6
87 3 8
87 4 9
87 5 0
87 6 5
87 7 8
87 8 3
87 9 6
87 10 1
87 11 7
87 12 8
87 13 0
87 14 3
87 15 0
87 16 0
87 17 0
87 18 0
87 19 0
87 20 5
87 21 1
87 22 0
87 23 0
87 24 9
87 25 2
87 26 0
87 27 0
87 28 0
87 29 5
87 30 0
87 31 1
87 32 0
87 33 4
87 34 5
87 35 0
87 36 0
87 37 0
87 38 0
87 39 0
87 40 1
87 41 0
87 42 6
87 43 9
87 44 6
87 45 0
87 46 2
87 47 0
87 48 0
87 49 6
87 50 0
87 51 0
87 52 10
87 53 3
87 54 0
87 55 10
87 56 0
87 57 0
87 58 8
87 59 3
87 60 4
87 61 0
87 62 2
87 63 9
87 64 5
87 65 8
87 66 2
87 67 9
87 68 0
87 69 6
87 70 0
87 71 3
87 72 3
87 73 5
87 74 5
87 75 1
87 76 0
87 77 4
87 78 7
87 79 4
87 80 7
87 81 10
87 82 9
87 83 5
87 84 2
87 85 2
87 86 0
87 87 0
87 88 0
87 89 0
87 90 4
87 91 4
87 92 1
87 93 8
87 94 6
87 95 0
87 96 0
87 97 0
87 98 10
87 99 7
88 0 7
88 1 8
88 2 1
88 3 0
88 4 4
88 5 6
88 6 7
88 7 4
88 8 10
88 9 7
88 10 4
88 11 0
88 12 0
88 13 3
88 14 0
88 15 0
88 16 1
88 17 1
88 18 1
88 19 6
88 20 9
88 21 8
88 22 4
88 23 2
88 24 0
88 25 0
88 26 0
88 27 2
88 28 0
88 29 10
88 30 0
88 31 7
88 32 8
88 33 0
88 34 5
88 35 0
88 36 9
88 37 0
88 38 0
88 39 0
88 40 0
88 41 3
88 42 0
88 43 2
88 44 0
88 45 0
88 46 9
88 47 0
88 48 7
88 49 6
88 50 6
88 51 7
88 52 0
88 53 5
88 54 2
88 55 3
88 56 10
88 57 0
88 58 3
88 59 2
88 60 10
88 61 7
88 62 2
88 63 0
88 64 10
88 65 0
88 66 0
88 67 0
88 68 0
88 69 9
88 70 2
88 71 1
88 72 6
88 73 2
88 74 0
88 75 2
88 76 7
88 77 2
88 78 0
88 79 10
88 80 2
88 81 6
88 82 2
88 83 8
88 84 9
88 85 0
88 86 0
88 87 0
88 88 0
88 89 0
88 90 10
88 91 0
88 92 7
88 93 8
88 94 0
88 95 0
88 96 2
88 97 3
88 98 0
88 99 9
89 0 8
89 1 10
89 2 8
89 3 4
89 4 0
89 5 6
89 6 4
89 7 2
89 8 6
89 9 0
89 10 3
89 11 6
89 12 0
89 13 2
89 14 1
89 15 0
89 16 4
89 17 7
89 18 9
89 19 1
89 20 8
89 21 0
89 22 1
89 23 0
89 24 0
89 25 8
89 26 0
89 27 3
89 28 0
89 29 0
89 30 0
89 31 2
89 32 3
89 33 8
89 34 9
89 35 0
89 36 3
89 37 8
89 38 0
89 39 7
89 40 0
89 41 3
89 42 1
89 43 1
89 44 0
89 45 0
89 46 0
89 47 6
89 48 9
89 49 0
89 50 0
89 51 0
89 52 9
89 53 6
89 54 8
89 55 2
89 56 2
89 57 0
89 58 5
89 59 0
89 60 10
89 61 0
89 62 4
89 63 1
89 64 10
89 65 0
89 66 0
89 67 0
89 68 1
89 69 10
89 70 2
89 71 3
89 72 0
89 73 0
89 74 0
89 75 0
89 76 8
89 77 9
89 78 2
89 79 6
89 80 4
89 81 6
89 82 0
89 83 1
89 84 0
89 85 0
89 86 2
89 87 0
89 88 0
89 89 0
89 90 9
89 91 0
89 92 3
89 93 0
89 94 2
89 95 8
89 96 0
89 97 7
89 98 0
89 99 3
90 0 0
90 1 9
90 2 0
90 3 8
90 4 10
90 5 0
90 6 0
90 7 6
90 8 0
90 9 6
90 10 0
90 11 2
90 12 0
90 13 0
90 14 4
90 15 5
90 16 0
90 17 5
90 18 2
90 19 0
90 20 0
90 21 0
90 22 10
90 23 7
90 24 8
90 25 0
90 26 4
90 27 9
90 28 10
90 29 4
90 30 2
90 31 7
90 32 9
90 33 3
90 34 3
90 35 9
90 36 5
90 37 0
90 38 0
90 39 0
90 40 10
90 41 5
90 42 3
90 43 0
90 44 9
90 45 0
90 46 0
90 47 6
90 48 2
90 49 6
90 50 7
90 51 0
90 52 7
90 53 1
90 54 9
90 55 0
90 56 0
90 57 0
90 58 8
90 59 0
90 60 0
90 61 8
90 62 4
90 63 5
90 64 9
90 65 8
90 66 5
90 67 0
90 68 9
90 69 1
90 70 7
90 71 0
90 72 2
90 73 9
90 74 7
90 75 8
90 76 4
90 77 0
90 78 4
90 79 0
90 80 10
90 81 7
90 82 10
90 83 1
90 84 0
90 85 6
90 86 5
90 87 4
90 88 10
90 89 9
90 90 0
90 91 3
90 92 7
90 93 0
90 94 0
90 95 10
90 96 9
90 97 0
90 98 6
90 99 0
91 0 0
91 1 0
91 2 8
91 3 7
91 4 2
91 5 0
91 6 7
91 7 2
91 8 2
91 9 9
91 10 0
91 11 3
91 12 0
91 13 10
91 14 0
91 15 2
91 16 9
91 17 9
91 18 7
91 19 0
91 20 10
91 21 3
91 22 6
91 23 0
91 24 0
91 25 0
91 26 0
91 27 7
91 28 0
91 29 6
91 30 6
91 31 0
91 32 8
91 33 2
91 34 4
91 35 3
91 36 0
91 37 5
91 38 0
91 39 3
91 40 5
91 41 1
91 42 10
91 43 9
91 44 9
91 45 0
91 46 0
91 47 0
91 48 2
91 49 5
91 50 8
91 51 6
91 52 4
91 53 9
91 54 7
91 55 9
91 56 2
91 57 0
91 58 0
91 59 10
91 60 9
91 61 7
91 62 8
91 63 9
91 64 10
91 65 1
91 66 2
91 67 0
91 68 0
91 69 0
91 70 7
91 71 0
91 72 9
91 73 0
91 74 2
91 75 0
91 76 6
91 77 5
91 78 4
91 79 4
91 80 0
91 81 0
91 82 5
91 83 8
91 84 7
91 85 9
91 86 6
91 87 4
91 88 0
91 89 0
91 90 3
91 91 0
91 92 0
91 93 8
91 94 10
91 95 8
91 96 0
91 97 0
91 98 3
91 99 1
92 0 1
92 1 6
92 2 4
92 3 9
92 4 2
92 5 9
92 6 0
92 7 10
92 8 0
92 9 7
92 10 3
92 11 0
92 12 7
92 13 4
92 14 1
92 15 0
92 16 5
92 17 8
92 18 0
92 19 4
92 20 7
92 21 0
92 22 7
92 23 4
92 24 8
92 25 0
92 26 0
92 27 0
92 28 0
92 29 7
92 30 5
92 31 0
92 32 0
92 33 3
92 34 7
92 35 1
92 36 9
92 37 3
92 38 7
92 39 0
92 40 3
92 41 0
92 42 0
92 43 1
92 44 0
92 45 0
92 46 5
92 47 9
92 48 0
92 49 8
92 50 0
92 51 6
92 52 2
92 53 7
92 54 0
92 55 7
92 56 2
92 57 10
92 58 0
92 59 0
92 60 7
92 61 0
92 62 4
92 63 8
92 64 4
92 65 0
92 66 2
92 67 0
92 68 1
92 69 5
92 70 1
92 71 8
92 72 9
92 73 0
92 74 7
92 75 2
92 76 7
92 77 0
92 78 0
92 79 0
92 80 6
92 81 3
92 82 0
92 83 0
92 84 7
92 85 8
92 86 6
92 87 1
92 88 7
92 89 3
92 90 7
92 91 0
92 92 0
92 93 4
92 94 1
92 95 4
92 96 0
92 97 9
92 98 0
92 99 0
93 0 4
93 1 0
93 2 6
93 3 0
93 4 0
93 5 5
93 6 0
93 7 2
93 8 0
93 9 3
93 10 0
93 11 0
93 12 0
93 13 6
93 14 0
93 15 0
93 16 5
93 17 0
93 18 0
93 19 10
93 20 9
93 21 7
93 22 0
93 23 9
93 24 4
93 25 6
93 26 0
93 27 3
93 28 6
93 29 5
93 30 0
93 31 9
93 32 0
93 33 1
93 34 6
93 35 7
93 36 4
93 37 6
93 38 6
93 39 0
93 40 7
93 41 0
93 42 5
93 43 7
93 44 8
93 45 10
93 46 6
93 47 4
93 48 6
93 49 10
93 50 0
93 51 7
93 52 8
93 53 0
93 54 0
93 55 0
93 56 8
93 57 0
93 58 8
93 59 0
93 60 0
93 61 4
93 62 7
93 63 9
93 64 0
93 65 0
93 66 0
93 67 4
93 68 6
93 69 2
93 70 0
93 71 3
93 72 0
93 73 0
93 74 0
93 75 3
93 76 0
93 77 0
93 78 0
93 79 0
93 80 0
93 81 5
93 82 2
93 83 2
93 84 8
93 85 0
93 86 1
93 87 8
93 88 8
93 89 0
93 90 0
93 91 8
93 92 4
93 93 0
93 94 5
93 95 2
93 96 1
93 97 9
93 98 1
93 99 0
94 0 1
94 1 4
94 2 6
94 3 10
94 4 0
94 5 9
94 6 6
94 7 0
94 8 6
94 9 5
94 10 10
94 11 6
94 12 6
94 13 2
94 14 0
94 15 5
94 16 3
94 17 9
94 18 0
94 19 0
94 20 6
94 21 0
94 22 2
94 23 0
94 24 0
94 25 7
94 26 3
94 27 0
94 28 0
94 29 9
94 30 8
94 31 0
94 32 6
94 33 0
94 34 4
94 35 0
94 36 8
94 37 0
94 38 6
94 39 0
94 40 9
94 41 0
94 42 0
94 43 9
94 44 0
94 45 10
94 46 0
94 47 7
94 48 6
94 49 10
94 50 1
94 51 0
94 52 5
94 53 6
94 54 9
94 55 8
94 56 8
94 57 7
94 58 0
94 59 4
94 60 0
94 61 8
94 62 3
94 63 9
94 64 0
94 65 0
94 66 0
94 67 0
94 68 7
94 69 10
94 70 10
94 71 4
94 72 0
94 73 0
94 74 0
94 75 0
94 76 5
94 77 1
94 78 10
94 79 9
94 80 10
94 81 2
94 82 9
94 83 0
94 84 0
94 85 0
94 86 2
94 87 6
94 88 0
94 89 2
94 90 0
94 91 10
94 92 1
94 93 5
94 94 0
94 95 0
94 96 8
94 97 0
94 98 7
94 99 0
95 0 6
95 1 6
95 2 1
95 3 0
95 4 0
95 5 9
95 6 7
95 7 5
95 8 0
95 9 3
95 10 5
95 11 9
95 12 6
95 13 1
95 14 1
95 15 6
95 16 0
95 17 0
95 18 0
95 19 1
95 20 0
95 21 10
95 22 6
95 23 9
95 24 0
95 25 8
95 26 9
95 27 6
95 28 0
95 29 8
95 30 0
95 31 0
95 32 0
95 33 10
95 34 7
95 35 0
95 36 7
95 37 0
95 38 7
95 39 1
95 40 2
95 41 0
95 42 0
95 43 10
95 44 7
95 45 8
95 46 8
95 47 0
95 48 5
95 49 1
95 50 3
95 51 5
95 52 0
95 53 4
95 54 0
95 55 1
95 56 7
95 57 0
95 58 8
95 59 0
95 60 0
95 61 2
95 62 0
95 63 6
95 64 9
95 65 7
95 66 2
95 67 5
95 68 0
95 69 8
95 70 3
95 71 0
95 72 2
95 73 1
95 74 0
95 75 6
95 76 7
95 77 3
95 78 0
95 79 0
95 80 0
95 81 3
95 82 7
95 83 1
95 84 8
95 85 0
95 86 1
95 87 0
95 88 0
95 89 8
95 90 10
95 91 8
95 92 4
95 93 2
95 94 0
95 95 0
95 96 10
95 97 2
95 98 10
95 99 1
96 0 0
96 1 2
96 2 2
96 3 10
96 4 1
96 5 5
96 6 8
96 7 3
96 8 0
96 9 0
96 10 9
96 11 6
96 12 4
96 13 4
96 14 2
96 15 0
96 16 0
96 17 9
96 18 2
96 19 0
96 20 0
96 21 2
96 22 0
96 23 0
96 24 7
96 25 5
96 26 0
96 27 0
96 28 6
96 29 0
96 30 9
96 31 0
96 32 4
96 33 10
96 34 1
96 35 8
96 36 4
96 37 2
96 38 4
96 39 9
96 40 9
96 41 0
96 42 7
96 43 1
96 44 0
96 45 7
96 46 10
96 47 4
96 48 8
96 49 3
96 50 6
96 51 0
96 52 3
96 53 0
96 54 0
96 55 6
96 56 1
96 57 0
96 58 2
96 59 3
96 60 6
96 61 0
96 62 7
96 63 0
96 64 4
96 65 4
96 66 0
96 67 2
96 68 9
96 69 0
96 70 2
96 71 2
96 72 3
96 73 2
96 74 9
96 75 0
96 76 5
96 77 0
96 78 5
96 79 10
96 80 4
96 81 3
96 82 4
96 83 4
96 84 0
96 85 0
96 86 5
96 87 0
96 88 2
96 89 0
96 90 9
96 91 0
96 92 0
96 93 1
96 94 8
96 95 10
96 96 0
96 97 0
96 98 0
96 99 6
97 0 0
97 1 0
97 2 0
97 3 9
97 4 9
97 5 5
97 6 10
97 7 10
97 8 8
97 9 8
97 10 4
97 11 6
97 12 1
97 13 3
97 14 0
97 15 3
97 16 2
97 17 0
97 18 6
97 19 5
97 20 0
97 21 0
97 22 9
97 23 5
97 24 0
97 25 0
97 26 1
97 27 9
97 28 0
97 29 9
97 30 4
97 31 6
97 32 4
97 33 0
97 34 4
97 35 10
97 36 9
97 37 0
97 38 0
97 39 0
97 40 10
97 41 0
97 42 9
97 43 10
97 44 0
97 45 0
97 46 3
97 47 0
97 48 8
97 49 0
97 50 0
97 51 10
97 52 0
97 53 6
97 54 6
97 55 4
97 56 8
97 57 3
97 58 7
97 59 2
97 60 8
97 61 0
97 62 0
97 63 10
97 64 0
97 65 0
97 66 1
97 67 0
97 68 0
97 69 4
97 70 0
97 71 0
97 72 0
97 73 0
97 74 2
97 75 0
97 76 0
97 77 4
97 78 10
97 79 10
97 80 8
97 81 0
97 82 0
97 83 1
97 84 6
97 85 6
97 86 7
97 87 0
97 88 3
97 89 7
97 90 0
97 91 0
97 92 9
97 93 9
97 94 0
97 95 2
97 96 0
97 97 0
97 98 4
97 99 0
98 0 7
98 1 0
98 2 5
98 3 0
98 4 10
98 5 0
98 6 5
98 7 5
98 8 0
98 9 0
98 10 6
98 11 2
98 12 8
98 13 1
98 14 3
98 15 0
98 16 0
98 17 9
98 18 0
98 19 6
98 20 1
98 21 0
98 22 8
98 23 0
98 24 5
98 25 6
98 26 10
98 27 0
98 28 0
98 29 8
98 30 0
98 31 1
98 32 7
98 33 2
98 34 3
98 35 0
98 36 9
98 37 0
98 38 5
98 39 0
98 40 7
98 41 2
98 42 10
98 43 0
98 44 0
98 45 10
98 46 0
98 47 10
98 48 0
98 49 0
98 50 0
98 51 7
98 52 4
98 53 8
98 54 7
98 55 0
98 56 0
98 57 6
98 58 5
98 59 5
98 60 4
98 61 0
98 62 0
98 63 0
98 64 1
98 65 0
98 66 0
98 67 7
98 68 0
98 69 9
98 70 0
98 71 2
98 72 6
98 73 0
98 74 3
98 75 10
98 76 0
98 77 2
98 78 0
98 79 0
98 80 4
98 81 0
98 82 0
98 83 2
98 84 0
98 85 1
98 86 0
98 87 10
98 88 0
98 89 0
98 90 6
98 91 3
98 92 0
98 93 1
98 94 7
98 95 10
98 96 0
98 97 4
98 98 0
98 99 0
99 0 5
99 1 9
99 2 0
99 3 3
99 4 0
99 5 4
99 6 3
99 7 0
99 8 8
99 9 4
99 10 1
99 11 8
99 12 0
99 13 4
99 14 0
99 15 0
99 16 0
99 17 8
99 18 3
99 19 3
99 20 0
99 21 10
99 22 6
99 23 0
99 24 3
99 25 0
99 26 7
99 27 0
99 28 0
99 29 6
99 30 0
99 31 10
99 32 8
99 33 10
99 34 0
99 35 9
99 36 2
99 37 3
99 38 0
99 39 2
99 40 8
99 41 9
99 42 7
99 43 4
99 44 0
99 45 4
99 46 10
99 47 0
99 48 0
99 49 7
99 50 8
99 51 9
99 52 0
99 53 0
99 54 0
99 55 4
99 56 5
99 57 0
99 58 0
99 59 5
99 60 0
99 61 0
99 62 0
99 63 6
99 64 3
99 65 4
99 66 0
99 67 3
99 68 3
99 69 1
99 70 0
99 71 0
99 72 1
99 73 9
99 74 0
99 75 10
99 76 8
99 77 10
99 78 8
99 79 7
99 80 4
99 81 4
99 82 0
99 83 2
99 84 8
99 85 0
99 86 0
99 87 7
99 88 9
99 89 3
99 90 0
99 91 1
99 92 0
99 93 0
99 94 0
99 95 1
99 96 6
99 97 0
99 98 0
99 99 0
