0 1 4 2 0,55,1
0 2 5 1 0,2
0 3 2 2 0,98,3
0 4 6 1 0,4
0 5 7 3 0,98,3,5
0 6 12 2 0,2,6
0 7 9 2 0,2,7
0 8 7 1 0,8
0 9 12 2 0,2,9
0 10 10 2 0,2,10
0 11 2 1 0,11
0 12 12 3 0,55,1,12
0 13 12 2 0,2,13
0 14 7 1 0,14
0 15 7 3 0,55,1,15
0 16 5 1 0,16
0 17 7 3 0,98,3,17
0 18 5 1 0,18
0 19 6 3 0,55,1,19
0 20 8 2 0,2,20
0 22 3 3 0,98,3,22
0 23 10 2 0,2,23
0 24 15 2 0,4,24
0 25 6 3 0,98,3,25
0 26 6 3 0,55,1,26
0 27 4 3 0,98,3,27
0 28 9 3 0,98,3,28
0 29 2 1 0,29
0 30 7 3 0,55,1,30
0 31 14 2 0,2,31
0 32 13 2 0,2,32
0 33 7 1 0,33
0 34 10 3 0,98,3,34
0 35 4 3 0,98,3,35
0 36 3 1 0,36
0 37 3 3 0,98,3,37
0 39 6 2 0,2,39
0 40 10 3 0,55,1,40
0 41 6 2 0,2,41
0 42 10 3 0,55,1,42
0 43 4 1 0,43
0 44 12 3 0,55,1,44
0 45 3 3 0,98,3,45
0 46 7 2 0,2,46
0 47 6 3 0,98,3,47
0 48 6 1 0,48
0 49 4 3 0,98,3,49
0 51 5 3 0,98,3,51
0 52 6 1 0,52
0 53 7 3 0,55,1,53
0 54 3 1 0,54
0 55 2 1 0,55
0 56 7 1 0,56
0 57 4 3 0,98,3,57
0 59 10 3 0,55,1,59
0 60 1 1 0,60
0 61 7 3 0,98,3,61
0 63 8 3 0,98,3,63
0 64 4 3 0,98,3,64
0 65 5 3 0,98,3,65
0 66 9 3 0,98,3,66
0 67 6 1 0,67
0 68 5 3 0,98,3,68
0 69 11 3 0,55,1,69
0 70 8 1 0,70
0 71 3 1 0,71
0 73 7 3 0,98,3,73
0 74 5 3 0,55,1,74
0 75 8 3 0,98,3,75
0 76 7 3 0,98,3,76
0 78 4 1 0,78
0 79 6 3 0,55,1,79
0 80 9 2 0,2,80
0 81 9 2 0,2,81
0 82 1 1 0,82
0 83 6 3 0,98,3,83
0 84 8 1 0,84
0 85 10 3 0,55,1,85
0 86 11 3 0,98,3,86
0 89 12 2 0,2,89
0 91 2 1 0,91
0 92 12 2 0,2,92
0 94 2 1 0,94
0 95 10 2 0,2,95
0 96 10 1 0,96
0 97 6 3 0,55,1,97
0 98 1 1 0,98
0 99 1 1 0,99
