0 1 2 1 0,1
0 2 3 1 0,2
0 3 3 1 0,3
0 4 4 2 0,2,4
0 5 9 2 0,2,5
0 6 18 3 0,2,5,6
1 0 2 1 1,0
1 2 4 1 1,2
1 3 5 2 1,0,3
1 4 3 1 1,4
1 5 10 2 1,2,5
1 6 19 3 1,2,5,6
2 0 3 1 2,0
2 1 4 1 2,1
2 3 5 1 2,3
2 4 1 1 2,4
2 5 6 1 2,5
2 6 15 2 2,5,6
3 0 3 1 3,0
3 1 5 2 3,0,1
3 2 5 1 3,2
3 4 6 2 3,2,4
3 5 7 1 3,5
3 6 16 2 3,5,6
4 0 4 2 4,2,0
4 1 3 1 4,1
4 2 1 1 4,2
4 3 6 2 4,2,3
4 5 7 2 4,2,5
4 6 16 3 4,2,5,6
5 0 9 2 5,2,0
5 1 10 2 5,2,1
5 2 6 1 5,2
5 3 7 1 5,3
5 4 7 2 5,2,4
5 6 9 1 5,6
6 0 18 3 6,5,2,0
6 1 19 3 6,5,2,1
6 2 15 2 6,5,2
6 3 16 2 6,5,3
6 4 16 3 6,5,2,4
6 5 9 1 6,5
