0 1 4 1 0,1
0 2 12 2 0,1,2
0 3 19 3 0,1,2,3
0 4 21 4 0,7,6,5,4
0 5 11 3 0,7,6,5
0 6 9 2 0,7,6
0 7 8 1 0,7
0 8 14 3 0,1,2,8
1 0 4 1 1,0
1 2 8 1 1,2
1 3 15 2 1,2,3
1 4 22 3 1,2,5,4
1 5 12 2 1,2,5
1 6 12 2 1,7,6
1 7 11 1 1,7
1 8 10 2 1,2,8
2 0 12 2 2,1,0
2 1 8 1 2,1
2 3 7 1 2,3
2 4 14 2 2,5,4
2 5 4 1 2,5
2 6 6 2 2,5,6
2 7 7 3 2,5,6,7
2 8 2 1 2,8
3 0 19 3 3,2,1,0
3 1 15 2 3,2,1
3 2 7 1 3,2
3 4 9 1 3,4
3 5 11 2 3,2,5
3 6 13 3 3,2,5,6
3 7 14 4 3,2,5,6,7
3 8 9 2 3,2,8
4 0 21 4 4,5,6,7,0
4 1 22 3 4,5,2,1
4 2 14 2 4,5,2
4 3 9 1 4,3
4 5 10 1 4,5
4 6 12 2 4,5,6
4 7 13 3 4,5,6,7
4 8 16 3 4,5,2,8
5 0 11 3 5,6,7,0
5 1 12 2 5,2,1
5 2 4 1 5,2
5 3 11 2 5,2,3
5 4 10 1 5,4
5 6 2 1 5,6
5 7 3 2 5,6,7
5 8 6 2 5,2,8
6 0 9 2 6,7,0
6 1 12 2 6,7,1
6 2 6 2 6,5,2
6 3 13 3 6,5,2,3
6 4 12 2 6,5,4
6 5 2 1 6,5
6 7 1 1 6,7
6 8 6 1 6,8
7 0 8 1 7,0
7 1 11 1 7,1
7 2 7 3 7,6,5,2
7 3 14 4 7,6,5,2,3
7 4 13 3 7,6,5,4
7 5 3 2 7,6,5
7 6 1 1 7,6
7 8 7 1 7,8
8 0 14 3 8,2,1,0
8 1 10 2 8,2,1
8 2 2 1 8,2
8 3 9 2 8,2,3
8 4 16 3 8,2,5,4
8 5 6 2 8,2,5
8 6 6 1 8,6
8 7 7 1 8,7
